config->entry:/usr/lib/gcc/x86_64-linux-gnu/9/../../../x86_64-linux-gnu/Scrt1.o--_start
Symbol User;Symbol Owner;Symbol;Symbol Kind
tools/llvm-cxxdump/CMakeFiles/llvm-cxxdump.dir/llvm-cxxdump.cpp.o;tools/llvm-cxxdump/CMakeFiles/llvm-cxxdump.dir/Error.cpp.o;llvm::cxxdump_category();Defined DefinedKind
tools/llvm-cxxdump/CMakeFiles/llvm-cxxdump.dir/llvm-cxxdump.cpp.o;lib/libLLVMX86Info.a(X86TargetInfo.cpp.o);LLVMInitializeX86TargetInfo;Defined DefinedKind
tools/llvm-cxxdump/CMakeFiles/llvm-cxxdump.dir/llvm-cxxdump.cpp.o;lib/libLLVMObject.a(Archive.cpp.o);llvm::object::Archive::Child::getNext() const;Defined DefinedKind
tools/llvm-cxxdump/CMakeFiles/llvm-cxxdump.dir/llvm-cxxdump.cpp.o;lib/libLLVMObject.a(Archive.cpp.o);llvm::object::Archive::Child::getAsBinary(llvm::LLVMContext*) const;Defined DefinedKind
tools/llvm-cxxdump/CMakeFiles/llvm-cxxdump.dir/llvm-cxxdump.cpp.o;lib/libLLVMObject.a(Archive.cpp.o);llvm::object::Archive::child_begin(llvm::Error&, bool) const;Defined DefinedKind
tools/llvm-cxxdump/CMakeFiles/llvm-cxxdump.dir/llvm-cxxdump.cpp.o;lib/libLLVMObject.a(Archive.cpp.o);llvm::object::Archive::child_end() const;Defined DefinedKind
tools/llvm-cxxdump/CMakeFiles/llvm-cxxdump.dir/llvm-cxxdump.cpp.o;lib/libLLVMObject.a(Binary.cpp.o);llvm::object::Binary::getFileName() const;Defined DefinedKind
tools/llvm-cxxdump/CMakeFiles/llvm-cxxdump.dir/llvm-cxxdump.cpp.o;lib/libLLVMObject.a(Binary.cpp.o);llvm::object::createBinary(llvm::StringRef, llvm::LLVMContext*, bool);Defined DefinedKind
tools/llvm-cxxdump/CMakeFiles/llvm-cxxdump.dir/llvm-cxxdump.cpp.o;lib/libLLVMObject.a(Error.cpp.o);llvm::object::isNotObjectErrorInvalidFileType(llvm::Error);Defined DefinedKind
tools/llvm-cxxdump/CMakeFiles/llvm-cxxdump.dir/llvm-cxxdump.cpp.o;lib/libLLVMObject.a(SymbolSize.cpp.o);llvm::object::computeSymbolSizes(llvm::object::ObjectFile const&);Defined DefinedKind
tools/llvm-cxxdump/CMakeFiles/llvm-cxxdump.dir/llvm-cxxdump.cpp.o;lib/libLLVMSupport.a(CommandLine.cpp.o);llvm::cl::Option::addOccurrence(unsigned int, llvm::StringRef, llvm::StringRef, bool);Defined DefinedKind
tools/llvm-cxxdump/CMakeFiles/llvm-cxxdump.dir/llvm-cxxdump.cpp.o;lib/libLLVMSupport.a(CommandLine.cpp.o);llvm::cl::Option::anchor();Defined DefinedKind
tools/llvm-cxxdump/CMakeFiles/llvm-cxxdump.dir/llvm-cxxdump.cpp.o;lib/libLLVMSupport.a(CommandLine.cpp.o);llvm::cl::Option::addArgument();Defined DefinedKind
tools/llvm-cxxdump/CMakeFiles/llvm-cxxdump.dir/llvm-cxxdump.cpp.o;lib/libLLVMSupport.a(CommandLine.cpp.o);llvm::cl::GeneralCategory;Defined DefinedKind
tools/llvm-cxxdump/CMakeFiles/llvm-cxxdump.dir/llvm-cxxdump.cpp.o;lib/libLLVMSupport.a(CommandLine.cpp.o);llvm::cl::ParseCommandLineOptions(int, char const* const*, llvm::StringRef, llvm::raw_ostream*, char const*, bool);Defined DefinedKind
tools/llvm-cxxdump/CMakeFiles/llvm-cxxdump.dir/llvm-cxxdump.cpp.o;lib/libLLVMSupport.a(CommandLine.cpp.o);llvm::cl::AddExtraVersionPrinter(std::function<void (llvm::raw_ostream&)>);Defined DefinedKind
tools/llvm-cxxdump/CMakeFiles/llvm-cxxdump.dir/llvm-cxxdump.cpp.o;lib/libLLVMSupport.a(CommandLine.cpp.o);llvm::cl::basic_parser_impl::printOptionInfo(llvm::cl::Option const&, unsigned long) const;Defined DefinedKind
tools/llvm-cxxdump/CMakeFiles/llvm-cxxdump.dir/llvm-cxxdump.cpp.o;lib/libLLVMSupport.a(CommandLine.cpp.o);llvm::cl::basic_parser_impl::getOptionWidth(llvm::cl::Option const&) const;Defined DefinedKind
tools/llvm-cxxdump/CMakeFiles/llvm-cxxdump.dir/llvm-cxxdump.cpp.o;lib/libLLVMSupport.a(Error.cpp.o);llvm::logAllUnhandledErrors(llvm::Error, llvm::raw_ostream&, llvm::Twine);Defined DefinedKind
tools/llvm-cxxdump/CMakeFiles/llvm-cxxdump.dir/llvm-cxxdump.cpp.o;lib/libLLVMSupport.a(Error.cpp.o);llvm::ErrorInfoBase::ID;Defined DefinedKind
tools/llvm-cxxdump/CMakeFiles/llvm-cxxdump.dir/llvm-cxxdump.cpp.o;lib/libLLVMSupport.a(Error.cpp.o);llvm::ErrorList::ID;Defined DefinedKind
tools/llvm-cxxdump/CMakeFiles/llvm-cxxdump.dir/llvm-cxxdump.cpp.o;lib/libLLVMSupport.a(Error.cpp.o);llvm::errorToErrorCode(llvm::Error);Defined DefinedKind
tools/llvm-cxxdump/CMakeFiles/llvm-cxxdump.dir/llvm-cxxdump.cpp.o;lib/libLLVMSupport.a(InitLLVM.cpp.o);llvm::InitLLVM::InitLLVM(int&, char const**&, bool);Defined DefinedKind
tools/llvm-cxxdump/CMakeFiles/llvm-cxxdump.dir/llvm-cxxdump.cpp.o;lib/libLLVMSupport.a(InitLLVM.cpp.o);llvm::InitLLVM::~InitLLVM();Defined DefinedKind
tools/llvm-cxxdump/CMakeFiles/llvm-cxxdump.dir/llvm-cxxdump.cpp.o;lib/libLLVMSupport.a(StringRef.cpp.o);llvm::StringRef::find_last_not_of(llvm::StringRef, unsigned long) const;Defined DefinedKind
tools/llvm-cxxdump/CMakeFiles/llvm-cxxdump.dir/llvm-cxxdump.cpp.o;lib/libLLVMSupport.a(WithColor.cpp.o);llvm::WithColor::error(llvm::raw_ostream&, llvm::StringRef, bool);Defined DefinedKind
tools/llvm-cxxdump/CMakeFiles/llvm-cxxdump.dir/llvm-cxxdump.cpp.o;lib/libLLVMSupport.a(raw_ostream.cpp.o);llvm::outs();Defined DefinedKind
tools/llvm-cxxdump/CMakeFiles/llvm-cxxdump.dir/llvm-cxxdump.cpp.o;lib/libLLVMSupport.a(raw_ostream.cpp.o);llvm::raw_ostream::write_escaped(llvm::StringRef, bool);Defined DefinedKind
tools/llvm-cxxdump/CMakeFiles/llvm-cxxdump.dir/llvm-cxxdump.cpp.o;lib/libLLVMSupport.a(raw_ostream.cpp.o);llvm::raw_ostream::flush_nonempty();Defined DefinedKind
tools/llvm-cxxdump/CMakeFiles/llvm-cxxdump.dir/llvm-cxxdump.cpp.o;lib/libLLVMSupport.a(raw_ostream.cpp.o);llvm::raw_ostream::SetBufferAndMode(char*, unsigned long, llvm::raw_ostream::BufferKind);Defined DefinedKind
tools/llvm-cxxdump/CMakeFiles/llvm-cxxdump.dir/llvm-cxxdump.cpp.o;lib/libLLVMSupport.a(raw_ostream.cpp.o);llvm::raw_ostream::write(char const*, unsigned long);Defined DefinedKind
tools/llvm-cxxdump/CMakeFiles/llvm-cxxdump.dir/llvm-cxxdump.cpp.o;lib/libLLVMSupport.a(raw_ostream.cpp.o);llvm::raw_ostream::write(unsigned char);Defined DefinedKind
tools/llvm-cxxdump/CMakeFiles/llvm-cxxdump.dir/llvm-cxxdump.cpp.o;lib/libLLVMSupport.a(raw_ostream.cpp.o);llvm::errs();Defined DefinedKind
tools/llvm-cxxdump/CMakeFiles/llvm-cxxdump.dir/llvm-cxxdump.cpp.o;lib/libLLVMSupport.a(raw_ostream.cpp.o);llvm::raw_ostream::operator<<(unsigned long);Defined DefinedKind
tools/llvm-cxxdump/CMakeFiles/llvm-cxxdump.dir/llvm-cxxdump.cpp.o;lib/libLLVMSupport.a(raw_ostream.cpp.o);llvm::raw_ostream::operator<<(long);Defined DefinedKind
tools/llvm-cxxdump/CMakeFiles/llvm-cxxdump.dir/llvm-cxxdump.cpp.o;lib/libLLVMSupport.a(TargetRegistry.cpp.o);llvm::TargetRegistry::printRegisteredTargetsForVersion(llvm::raw_ostream&);Defined DefinedKind
lib/libLLVMX86Info.a(X86TargetInfo.cpp.o);lib/libLLVMSupport.a(TargetRegistry.cpp.o);llvm::TargetRegistry::RegisterTarget(llvm::Target&, char const*, char const*, char const*, bool (*)(llvm::Triple::ArchType), bool);Defined DefinedKind
lib/libLLVMObject.a(Archive.cpp.o);lib/libLLVMObject.a(Binary.cpp.o);llvm::object::Binary::~Binary();Defined DefinedKind
lib/libLLVMObject.a(Archive.cpp.o);lib/libLLVMObject.a(Binary.cpp.o);llvm::object::Binary::getData() const;Defined DefinedKind
lib/libLLVMObject.a(Archive.cpp.o);lib/libLLVMObject.a(Binary.cpp.o);llvm::object::createBinary(llvm::MemoryBufferRef, llvm::LLVMContext*, bool);Defined DefinedKind
lib/libLLVMObject.a(Archive.cpp.o);lib/libLLVMObject.a(Binary.cpp.o);llvm::object::Binary::Binary(unsigned int, llvm::MemoryBufferRef);Defined DefinedKind
lib/libLLVMObject.a(Archive.cpp.o);lib/libLLVMObject.a(Binary.cpp.o);llvm::object::Binary::getMemoryBufferRef() const;Defined DefinedKind
lib/libLLVMObject.a(Archive.cpp.o);lib/libLLVMObject.a(Error.cpp.o);llvm::object::GenericBinaryError::GenericBinaryError(llvm::Twine const&, llvm::object::object_error);Defined DefinedKind
lib/libLLVMObject.a(Archive.cpp.o);lib/libLLVMObject.a(Error.cpp.o);llvm::object::object_category();Defined DefinedKind
lib/libLLVMObject.a(Archive.cpp.o);lib/libLLVMSupport.a(Error.cpp.o);llvm::errorCodeToError(std::error_code);Defined DefinedKind
lib/libLLVMObject.a(Archive.cpp.o);lib/libLLVMSupport.a(Error.cpp.o);llvm::ErrorInfoBase::ID;Defined DefinedKind
lib/libLLVMObject.a(Archive.cpp.o);lib/libLLVMSupport.a(Error.cpp.o);llvm::ErrorList::ID;Defined DefinedKind
lib/libLLVMObject.a(Archive.cpp.o);lib/libLLVMSupport.a(MemoryBuffer.cpp.o);llvm::MemoryBuffer::getFile(llvm::Twine const&, bool, bool, bool);Defined DefinedKind
lib/libLLVMObject.a(Archive.cpp.o);lib/libLLVMSupport.a(StringRef.cpp.o);llvm::StringRef::find_last_not_of(llvm::StringRef, unsigned long) const;Defined DefinedKind
lib/libLLVMObject.a(Archive.cpp.o);lib/libLLVMSupport.a(StringRef.cpp.o);llvm::getAsUnsignedInteger(llvm::StringRef, unsigned int, unsigned long long&);Defined DefinedKind
lib/libLLVMObject.a(Archive.cpp.o);lib/libLLVMSupport.a(StringRef.cpp.o);llvm::StringRef::find_last_not_of(char, unsigned long) const;Defined DefinedKind
lib/libLLVMObject.a(Archive.cpp.o);lib/libLLVMSupport.a(Twine.cpp.o);llvm::Twine::str[abi:cxx11]() const;Defined DefinedKind
lib/libLLVMObject.a(Archive.cpp.o);lib/libLLVMSupport.a(raw_ostream.cpp.o);llvm::raw_string_ostream::~raw_string_ostream();Defined DefinedKind
lib/libLLVMObject.a(Archive.cpp.o);lib/libLLVMSupport.a(raw_ostream.cpp.o);llvm::raw_ostream::flush_nonempty();Defined DefinedKind
lib/libLLVMObject.a(Archive.cpp.o);lib/libLLVMSupport.a(raw_ostream.cpp.o);llvm::raw_ostream::write_escaped(llvm::StringRef, bool);Defined DefinedKind
lib/libLLVMObject.a(Archive.cpp.o);lib/libLLVMSupport.a(raw_ostream.cpp.o);llvm::raw_ostream::SetBufferAndMode(char*, unsigned long, llvm::raw_ostream::BufferKind);Defined DefinedKind
lib/libLLVMObject.a(Archive.cpp.o);lib/libLLVMSupport.a(Path.cpp.o);llvm::sys::path::append(llvm::SmallVectorImpl<char>&, llvm::Twine const&, llvm::Twine const&, llvm::Twine const&, llvm::Twine const&);Defined DefinedKind
lib/libLLVMObject.a(Archive.cpp.o);lib/libLLVMSupport.a(Path.cpp.o);llvm::sys::path::parent_path(llvm::StringRef, llvm::sys::path::Style);Defined DefinedKind
lib/libLLVMObject.a(Archive.cpp.o);lib/libLLVMSupport.a(Path.cpp.o);llvm::sys::path::is_absolute(llvm::Twine const&, llvm::sys::path::Style);Defined DefinedKind
lib/libLLVMObject.a(Binary.cpp.o);lib/libLLVMObject.a(Archive.cpp.o);llvm::object::Archive::create(llvm::MemoryBufferRef);Defined DefinedKind
lib/libLLVMObject.a(Binary.cpp.o);lib/libLLVMObject.a(Error.cpp.o);llvm::object::object_category();Defined DefinedKind
lib/libLLVMObject.a(Binary.cpp.o);lib/libLLVMObject.a(MachOUniversal.cpp.o);llvm::object::MachOUniversalBinary::create(llvm::MemoryBufferRef);Defined DefinedKind
lib/libLLVMObject.a(Binary.cpp.o);lib/libLLVMObject.a(Minidump.cpp.o);llvm::object::MinidumpFile::create(llvm::MemoryBufferRef);Defined DefinedKind
lib/libLLVMObject.a(Binary.cpp.o);lib/libLLVMObject.a(SymbolicFile.cpp.o);llvm::object::SymbolicFile::createSymbolicFile(llvm::MemoryBufferRef, llvm::file_magic, llvm::LLVMContext*, bool);Defined DefinedKind
lib/libLLVMObject.a(Binary.cpp.o);lib/libLLVMObject.a(TapiUniversal.cpp.o);llvm::object::TapiUniversal::create(llvm::MemoryBufferRef);Defined DefinedKind
lib/libLLVMObject.a(Binary.cpp.o);lib/libLLVMObject.a(WindowsResource.cpp.o);llvm::object::WindowsResource::createWindowsResource(llvm::MemoryBufferRef);Defined DefinedKind
lib/libLLVMObject.a(Binary.cpp.o);lib/libLLVMSupport.a(Error.cpp.o);llvm::errorCodeToError(std::error_code);Defined DefinedKind
lib/libLLVMObject.a(Binary.cpp.o);lib/libLLVMSupport.a(MemoryBuffer.cpp.o);llvm::MemoryBuffer::getFileOrSTDIN(llvm::Twine const&, bool, bool);Defined DefinedKind
lib/libLLVMObject.a(Binary.cpp.o);lib/libLLVMSupport.a(MemoryBuffer.cpp.o);llvm::MemoryBuffer::getMemBufferRef() const;Defined DefinedKind
lib/libLLVMObject.a(Binary.cpp.o);lib/libLLVMBinaryFormat.a(Magic.cpp.o);llvm::identify_magic(llvm::StringRef);Defined DefinedKind
lib/libLLVMObject.a(Error.cpp.o);lib/libLLVMSupport.a(Error.cpp.o);llvm::ECError::ID;Defined DefinedKind
lib/libLLVMObject.a(Error.cpp.o);lib/libLLVMSupport.a(Error.cpp.o);llvm::ErrorInfoBase::ID;Defined DefinedKind
lib/libLLVMObject.a(Error.cpp.o);lib/libLLVMSupport.a(Error.cpp.o);llvm::ErrorList::ID;Defined DefinedKind
lib/libLLVMObject.a(Error.cpp.o);lib/libLLVMSupport.a(ManagedStatic.cpp.o);llvm::ManagedStaticBase::RegisterManagedStatic(void* (*)(), void (*)(void*)) const;Defined DefinedKind
lib/libLLVMObject.a(Error.cpp.o);lib/libLLVMSupport.a(Twine.cpp.o);llvm::Twine::str[abi:cxx11]() const;Defined DefinedKind
lib/libLLVMObject.a(Error.cpp.o);lib/libLLVMSupport.a(raw_ostream.cpp.o);llvm::raw_ostream::write(char const*, unsigned long);Defined DefinedKind
lib/libLLVMObject.a(Error.cpp.o);lib/libLLVMSupport.a(raw_ostream.cpp.o);llvm::raw_ostream::SetBufferAndMode(char*, unsigned long, llvm::raw_ostream::BufferKind);Defined DefinedKind
lib/libLLVMObject.a(Error.cpp.o);lib/libLLVMSupport.a(raw_ostream.cpp.o);llvm::raw_ostream::flush_nonempty();Defined DefinedKind
lib/libLLVMObject.a(Error.cpp.o);lib/libLLVMSupport.a(raw_ostream.cpp.o);llvm::raw_string_ostream::~raw_string_ostream();Defined DefinedKind
lib/libLLVMObject.a(MachOUniversal.cpp.o);lib/libLLVMObject.a(Archive.cpp.o);llvm::object::Archive::create(llvm::MemoryBufferRef);Defined DefinedKind
lib/libLLVMObject.a(MachOUniversal.cpp.o);lib/libLLVMObject.a(Binary.cpp.o);llvm::object::Binary::~Binary();Defined DefinedKind
lib/libLLVMObject.a(MachOUniversal.cpp.o);lib/libLLVMObject.a(Binary.cpp.o);llvm::object::Binary::getData() const;Defined DefinedKind
lib/libLLVMObject.a(MachOUniversal.cpp.o);lib/libLLVMObject.a(Binary.cpp.o);llvm::object::Binary::getFileName() const;Defined DefinedKind
lib/libLLVMObject.a(MachOUniversal.cpp.o);lib/libLLVMObject.a(Binary.cpp.o);llvm::object::Binary::Binary(unsigned int, llvm::MemoryBufferRef);Defined DefinedKind
lib/libLLVMObject.a(MachOUniversal.cpp.o);lib/libLLVMObject.a(Error.cpp.o);llvm::object::GenericBinaryError::GenericBinaryError(llvm::Twine const&, llvm::object::object_error);Defined DefinedKind
lib/libLLVMObject.a(MachOUniversal.cpp.o);lib/libLLVMObject.a(MachOObjectFile.cpp.o);llvm::object::ObjectFile::createMachOObjectFile(llvm::MemoryBufferRef, unsigned int, unsigned int);Defined DefinedKind
lib/libLLVMObject.a(MachOUniversal.cpp.o);lib/libLLVMObject.a(IRObjectFile.cpp.o);llvm::object::IRObjectFile::create(llvm::MemoryBufferRef, llvm::LLVMContext&);Defined DefinedKind
lib/libLLVMObject.a(MachOUniversal.cpp.o);lib/libLLVMSupport.a(ErrorHandling.cpp.o);llvm::report_fatal_error(char const*, bool);Defined DefinedKind
lib/libLLVMObject.a(MachOUniversal.cpp.o);lib/libLLVMSupport.a(Triple.cpp.o);llvm::Triple::Triple(llvm::Twine const&);Defined DefinedKind
lib/libLLVMObject.a(MachOUniversal.cpp.o);lib/libLLVMSupport.a(Twine.cpp.o);llvm::Twine::str[abi:cxx11]() const;Defined DefinedKind
lib/libLLVMObject.a(MachOObjectFile.cpp.o);lib/libLLVMObject.a(Binary.cpp.o);llvm::object::Binary::getData() const;Defined DefinedKind
lib/libLLVMObject.a(MachOObjectFile.cpp.o);lib/libLLVMObject.a(Error.cpp.o);llvm::object::object_category();Defined DefinedKind
lib/libLLVMObject.a(MachOObjectFile.cpp.o);lib/libLLVMObject.a(Error.cpp.o);llvm::object::GenericBinaryError::GenericBinaryError(llvm::Twine const&, llvm::object::object_error);Defined DefinedKind
lib/libLLVMObject.a(MachOObjectFile.cpp.o);lib/libLLVMObject.a(ObjectFile.cpp.o);llvm::object::ObjectFile::getSymbolValue(llvm::object::DataRefImpl) const;Defined DefinedKind
lib/libLLVMObject.a(MachOObjectFile.cpp.o);lib/libLLVMObject.a(ObjectFile.cpp.o);llvm::object::ObjectFile::getRelocatedSection(llvm::object::DataRefImpl) const;Defined DefinedKind
lib/libLLVMObject.a(MachOObjectFile.cpp.o);lib/libLLVMObject.a(ObjectFile.cpp.o);llvm::object::ObjectFile::isBerkeleyData(llvm::object::DataRefImpl) const;Defined DefinedKind
lib/libLLVMObject.a(MachOObjectFile.cpp.o);lib/libLLVMObject.a(ObjectFile.cpp.o);llvm::object::ObjectFile::isBerkeleyText(llvm::object::DataRefImpl) const;Defined DefinedKind
lib/libLLVMObject.a(MachOObjectFile.cpp.o);lib/libLLVMObject.a(ObjectFile.cpp.o);llvm::object::ObjectFile::ObjectFile(unsigned int, llvm::MemoryBufferRef);Defined DefinedKind
lib/libLLVMObject.a(MachOObjectFile.cpp.o);lib/libLLVMObject.a(ObjectFile.cpp.o);llvm::object::ObjectFile::printSymbolName(llvm::raw_ostream&, llvm::object::DataRefImpl) const;Defined DefinedKind
lib/libLLVMObject.a(MachOObjectFile.cpp.o);lib/libLLVMObject.a(ObjectFile.cpp.o);llvm::object::ObjectFile::anchor();Defined DefinedKind
lib/libLLVMObject.a(MachOObjectFile.cpp.o);lib/libLLVMObject.a(SymbolicFile.cpp.o);llvm::object::SymbolicFile::~SymbolicFile();Defined DefinedKind
lib/libLLVMObject.a(MachOObjectFile.cpp.o);lib/libLLVMSupport.a(DataExtractor.cpp.o);llvm::DataExtractor::getULEB128(unsigned long*, llvm::Error*) const;Defined DefinedKind
lib/libLLVMObject.a(MachOObjectFile.cpp.o);lib/libLLVMSupport.a(Error.cpp.o);llvm::errorCodeToError(std::error_code);Defined DefinedKind
lib/libLLVMObject.a(MachOObjectFile.cpp.o);lib/libLLVMSupport.a(Error.cpp.o);llvm::ErrorList::ID;Defined DefinedKind
lib/libLLVMObject.a(MachOObjectFile.cpp.o);lib/libLLVMSupport.a(Error.cpp.o);llvm::ErrorInfoBase::ID;Defined DefinedKind
lib/libLLVMObject.a(MachOObjectFile.cpp.o);lib/libLLVMSupport.a(ErrorHandling.cpp.o);llvm::report_fatal_error(char const*, bool);Defined DefinedKind
lib/libLLVMObject.a(MachOObjectFile.cpp.o);lib/libLLVMSupport.a(Triple.cpp.o);llvm::Triple::Triple(llvm::Twine const&);Defined DefinedKind
lib/libLLVMObject.a(MachOObjectFile.cpp.o);lib/libLLVMSupport.a(Host.cpp.o);llvm::sys::getDefaultTargetTriple[abi:cxx11]();Defined DefinedKind
lib/libLLVMObject.a(MachOObjectFile.cpp.o);lib/libLLVMMC.a(SubtargetFeature.cpp.o);llvm::SubtargetFeatures::SubtargetFeatures(llvm::StringRef);Defined DefinedKind
lib/libLLVMObject.a(IRObjectFile.cpp.o);lib/libLLVMObject.a(Binary.cpp.o);llvm::object::Binary::getFileName() const;Defined DefinedKind
lib/libLLVMObject.a(IRObjectFile.cpp.o);lib/libLLVMObject.a(Error.cpp.o);llvm::object::object_category();Defined DefinedKind
lib/libLLVMObject.a(IRObjectFile.cpp.o);lib/libLLVMObject.a(ModuleSymbolTable.cpp.o);llvm::ModuleSymbolTable::printSymbolName(llvm::raw_ostream&, llvm::PointerUnion<llvm::GlobalValue*, std::pair<std::__cxx11::basic_string<char, std::char_traits<char>, std::allocator<char> >, unsigned int>*>) const;Defined DefinedKind
lib/libLLVMObject.a(IRObjectFile.cpp.o);lib/libLLVMObject.a(ModuleSymbolTable.cpp.o);llvm::ModuleSymbolTable::getSymbolFlags(llvm::PointerUnion<llvm::GlobalValue*, std::pair<std::__cxx11::basic_string<char, std::char_traits<char>, std::allocator<char> >, unsigned int>*>) const;Defined DefinedKind
lib/libLLVMObject.a(IRObjectFile.cpp.o);lib/libLLVMObject.a(ModuleSymbolTable.cpp.o);llvm::ModuleSymbolTable::addModule(llvm::Module*);Defined DefinedKind
lib/libLLVMObject.a(IRObjectFile.cpp.o);lib/libLLVMObject.a(ObjectFile.cpp.o);llvm::object::ObjectFile::createObjectFile(llvm::MemoryBufferRef, llvm::file_magic, bool);Defined DefinedKind
lib/libLLVMObject.a(IRObjectFile.cpp.o);lib/libLLVMObject.a(SymbolicFile.cpp.o);llvm::object::SymbolicFile::~SymbolicFile();Defined DefinedKind
lib/libLLVMObject.a(IRObjectFile.cpp.o);lib/libLLVMObject.a(SymbolicFile.cpp.o);llvm::object::SymbolicFile::SymbolicFile(unsigned int, llvm::MemoryBufferRef);Defined DefinedKind
lib/libLLVMObject.a(IRObjectFile.cpp.o);lib/libLLVMSupport.a(Error.cpp.o);llvm::errorCodeToError(std::error_code);Defined DefinedKind
lib/libLLVMObject.a(IRObjectFile.cpp.o);lib/libLLVMSupport.a(MemAlloc.cpp.o);llvm::deallocate_buffer(void*, unsigned long, unsigned long);Defined DefinedKind
lib/libLLVMObject.a(IRObjectFile.cpp.o);lib/libLLVMBitReader.a(BitcodeReader.cpp.o);llvm::getBitcodeFileContents(llvm::MemoryBufferRef);Defined DefinedKind
lib/libLLVMObject.a(IRObjectFile.cpp.o);lib/libLLVMBitReader.a(BitcodeReader.cpp.o);llvm::getBitcodeModuleList(llvm::MemoryBufferRef);Defined DefinedKind
lib/libLLVMObject.a(IRObjectFile.cpp.o);lib/libLLVMBitReader.a(BitcodeReader.cpp.o);llvm::BitcodeModule::getLazyModule(llvm::LLVMContext&, bool, bool);Defined DefinedKind
lib/libLLVMObject.a(IRObjectFile.cpp.o);lib/libLLVMCore.a(Module.cpp.o);llvm::Module::~Module();Defined DefinedKind
lib/libLLVMObject.a(IRObjectFile.cpp.o);lib/libLLVMBinaryFormat.a(Magic.cpp.o);llvm::identify_magic(llvm::StringRef);Defined DefinedKind
lib/libLLVMObject.a(IRSymtab.cpp.o);lib/libLLVMObject.a(ModuleSymbolTable.cpp.o);llvm::ModuleSymbolTable::addModule(llvm::Module*);Defined DefinedKind
lib/libLLVMObject.a(IRSymtab.cpp.o);lib/libLLVMObject.a(ModuleSymbolTable.cpp.o);llvm::ModuleSymbolTable::getSymbolFlags(llvm::PointerUnion<llvm::GlobalValue*, std::pair<std::__cxx11::basic_string<char, std::char_traits<char>, std::allocator<char> >, unsigned int>*>) const;Defined DefinedKind
lib/libLLVMObject.a(IRSymtab.cpp.o);lib/libLLVMObject.a(ModuleSymbolTable.cpp.o);llvm::ModuleSymbolTable::printSymbolName(llvm::raw_ostream&, llvm::PointerUnion<llvm::GlobalValue*, std::pair<std::__cxx11::basic_string<char, std::char_traits<char>, std::allocator<char> >, unsigned int>*>) const;Defined DefinedKind
lib/libLLVMObject.a(IRSymtab.cpp.o);lib/libLLVMSupport.a(Error.cpp.o);llvm::inconvertibleErrorCode();Defined DefinedKind
lib/libLLVMObject.a(IRSymtab.cpp.o);lib/libLLVMSupport.a(Error.cpp.o);llvm::StringError::StringError(llvm::Twine const&, std::error_code);Defined DefinedKind
lib/libLLVMObject.a(IRSymtab.cpp.o);lib/libLLVMSupport.a(MemAlloc.cpp.o);llvm::deallocate_buffer(void*, unsigned long, unsigned long);Defined DefinedKind
lib/libLLVMObject.a(IRSymtab.cpp.o);lib/libLLVMSupport.a(MemAlloc.cpp.o);llvm::allocate_buffer(unsigned long, unsigned long);Defined DefinedKind
lib/libLLVMObject.a(IRSymtab.cpp.o);lib/libLLVMSupport.a(SmallPtrSet.cpp.o);llvm::SmallPtrSetImplBase::FindBucketFor(void const*) const;Defined DefinedKind
lib/libLLVMObject.a(IRSymtab.cpp.o);lib/libLLVMSupport.a(SmallPtrSet.cpp.o);llvm::SmallPtrSetImplBase::insert_imp_big(void const*);Defined DefinedKind
lib/libLLVMObject.a(IRSymtab.cpp.o);lib/libLLVMSupport.a(StringSaver.cpp.o);llvm::StringSaver::save(llvm::StringRef);Defined DefinedKind
lib/libLLVMObject.a(IRSymtab.cpp.o);lib/libLLVMSupport.a(StringRef.cpp.o);llvm::hash_value(llvm::StringRef);Defined DefinedKind
lib/libLLVMObject.a(IRSymtab.cpp.o);lib/libLLVMSupport.a(Triple.cpp.o);llvm::Triple::Triple(llvm::Twine const&);Defined DefinedKind
lib/libLLVMObject.a(IRSymtab.cpp.o);lib/libLLVMSupport.a(TypeSize.cpp.o);llvm::TypeSize::operator unsigned long() const;Defined DefinedKind
lib/libLLVMObject.a(IRSymtab.cpp.o);lib/libLLVMSupport.a(raw_ostream.cpp.o);llvm::raw_ostream::~raw_ostream();Defined DefinedKind
lib/libLLVMObject.a(IRSymtab.cpp.o);lib/libLLVMSupport.a(raw_ostream.cpp.o);llvm::raw_ostream::SetBufferAndMode(char*, unsigned long, llvm::raw_ostream::BufferKind);Defined DefinedKind
lib/libLLVMObject.a(IRSymtab.cpp.o);lib/libLLVMSupport.a(raw_ostream.cpp.o);llvm::raw_string_ostream::~raw_string_ostream();Defined DefinedKind
lib/libLLVMObject.a(IRSymtab.cpp.o);lib/libLLVMSupport.a(raw_ostream.cpp.o);llvm::raw_ostream::write(char const*, unsigned long);Defined DefinedKind
lib/libLLVMObject.a(IRSymtab.cpp.o);lib/libLLVMSupport.a(raw_ostream.cpp.o);llvm::raw_ostream::flush_nonempty();Defined DefinedKind
lib/libLLVMObject.a(IRSymtab.cpp.o);lib/libLLVMBitReader.a(BitcodeReader.cpp.o);llvm::BitcodeModule::getLazyModule(llvm::LLVMContext&, bool, bool);Defined DefinedKind
lib/libLLVMObject.a(IRSymtab.cpp.o);lib/libLLVMCore.a(Comdat.cpp.o);llvm::Comdat::getName() const;Defined DefinedKind
lib/libLLVMObject.a(IRSymtab.cpp.o);lib/libLLVMCore.a(DataLayout.cpp.o);llvm::DataLayout::getABITypeAlignment(llvm::Type*) const;Defined DefinedKind
lib/libLLVMObject.a(IRSymtab.cpp.o);lib/libLLVMCore.a(DataLayout.cpp.o);llvm::DataLayout::getStructLayout(llvm::StructType*) const;Defined DefinedKind
lib/libLLVMObject.a(IRSymtab.cpp.o);lib/libLLVMCore.a(DataLayout.cpp.o);llvm::DataLayout::getPointerSize(unsigned int) const;Defined DefinedKind
lib/libLLVMObject.a(IRSymtab.cpp.o);lib/libLLVMCore.a(Globals.cpp.o);llvm::GlobalObject::getSectionImpl() const;Defined DefinedKind
lib/libLLVMObject.a(IRSymtab.cpp.o);lib/libLLVMCore.a(Globals.cpp.o);llvm::GlobalValue::getBaseObject() const;Defined DefinedKind
lib/libLLVMObject.a(IRSymtab.cpp.o);lib/libLLVMCore.a(Mangler.cpp.o);llvm::Mangler::getNameWithPrefix(llvm::raw_ostream&, llvm::GlobalValue const*, bool) const;Defined DefinedKind
lib/libLLVMObject.a(IRSymtab.cpp.o);lib/libLLVMCore.a(Metadata.cpp.o);llvm::NamedMDNode::getNumOperands() const;Defined DefinedKind
lib/libLLVMObject.a(IRSymtab.cpp.o);lib/libLLVMCore.a(Metadata.cpp.o);llvm::NamedMDNode::getOperand(unsigned int) const;Defined DefinedKind
lib/libLLVMObject.a(IRSymtab.cpp.o);lib/libLLVMCore.a(Metadata.cpp.o);llvm::MDString::getString() const;Defined DefinedKind
lib/libLLVMObject.a(IRSymtab.cpp.o);lib/libLLVMCore.a(Module.cpp.o);llvm::Module::getDataLayout() const;Defined DefinedKind
lib/libLLVMObject.a(IRSymtab.cpp.o);lib/libLLVMCore.a(Module.cpp.o);llvm::Module::getNamedMetadata(llvm::Twine const&) const;Defined DefinedKind
lib/libLLVMObject.a(IRSymtab.cpp.o);lib/libLLVMCore.a(Module.cpp.o);llvm::Module::getNamedValue(llvm::StringRef) const;Defined DefinedKind
lib/libLLVMObject.a(IRSymtab.cpp.o);lib/libLLVMCore.a(Module.cpp.o);llvm::Module::~Module();Defined DefinedKind
lib/libLLVMObject.a(IRSymtab.cpp.o);lib/libLLVMCore.a(Value.cpp.o);llvm::Value::stripPointerCasts() const;Defined DefinedKind
lib/libLLVMObject.a(IRSymtab.cpp.o);lib/libLLVMCore.a(Value.cpp.o);llvm::Value::getName() const;Defined DefinedKind
lib/libLLVMObject.a(Minidump.cpp.o);lib/libLLVMObject.a(Binary.cpp.o);llvm::object::Binary::~Binary();Defined DefinedKind
lib/libLLVMObject.a(Minidump.cpp.o);lib/libLLVMObject.a(Binary.cpp.o);llvm::object::Binary::Binary(unsigned int, llvm::MemoryBufferRef);Defined DefinedKind
lib/libLLVMObject.a(Minidump.cpp.o);lib/libLLVMObject.a(Error.cpp.o);llvm::object::GenericBinaryError::GenericBinaryError(llvm::Twine const&, llvm::object::object_error);Defined DefinedKind
lib/libLLVMObject.a(Minidump.cpp.o);lib/libLLVMSupport.a(MemAlloc.cpp.o);llvm::deallocate_buffer(void*, unsigned long, unsigned long);Defined DefinedKind
lib/libLLVMObject.a(Minidump.cpp.o);lib/libLLVMSupport.a(MemAlloc.cpp.o);llvm::allocate_buffer(unsigned long, unsigned long);Defined DefinedKind
lib/libLLVMObject.a(ModuleSymbolTable.cpp.o);lib/libLLVMObject.a(RecordStreamer.cpp.o);llvm::RecordStreamer::begin();Defined DefinedKind
lib/libLLVMObject.a(ModuleSymbolTable.cpp.o);lib/libLLVMObject.a(RecordStreamer.cpp.o);llvm::RecordStreamer::end();Defined DefinedKind
lib/libLLVMObject.a(ModuleSymbolTable.cpp.o);lib/libLLVMObject.a(RecordStreamer.cpp.o);llvm::RecordStreamer::RecordStreamer(llvm::MCContext&, llvm::Module const&);Defined DefinedKind
lib/libLLVMObject.a(ModuleSymbolTable.cpp.o);lib/libLLVMObject.a(RecordStreamer.cpp.o);llvm::RecordStreamer::flushSymverDirectives();Defined DefinedKind
lib/libLLVMObject.a(ModuleSymbolTable.cpp.o);lib/libLLVMSupport.a(MemAlloc.cpp.o);llvm::deallocate_buffer(void*, unsigned long, unsigned long);Defined DefinedKind
lib/libLLVMObject.a(ModuleSymbolTable.cpp.o);lib/libLLVMSupport.a(MemAlloc.cpp.o);llvm::allocate_buffer(unsigned long, unsigned long);Defined DefinedKind
lib/libLLVMObject.a(ModuleSymbolTable.cpp.o);lib/libLLVMSupport.a(MemoryBuffer.cpp.o);llvm::MemoryBuffer::getMemBuffer(llvm::StringRef, llvm::StringRef, bool);Defined DefinedKind
lib/libLLVMObject.a(ModuleSymbolTable.cpp.o);lib/libLLVMSupport.a(SourceMgr.cpp.o);llvm::SourceMgr::SrcBuffer::SrcBuffer(llvm::SourceMgr::SrcBuffer&&);Defined DefinedKind
lib/libLLVMObject.a(ModuleSymbolTable.cpp.o);lib/libLLVMSupport.a(SourceMgr.cpp.o);llvm::SourceMgr::SrcBuffer::~SrcBuffer();Defined DefinedKind
lib/libLLVMObject.a(ModuleSymbolTable.cpp.o);lib/libLLVMSupport.a(Triple.cpp.o);llvm::Triple::Triple(llvm::Twine const&);Defined DefinedKind
lib/libLLVMObject.a(ModuleSymbolTable.cpp.o);lib/libLLVMSupport.a(raw_ostream.cpp.o);llvm::raw_ostream::write(char const*, unsigned long);Defined DefinedKind
lib/libLLVMObject.a(ModuleSymbolTable.cpp.o);lib/libLLVMSupport.a(TargetRegistry.cpp.o);llvm::TargetRegistry::lookupTarget(std::__cxx11::basic_string<char, std::char_traits<char>, std::allocator<char> > const&, std::__cxx11::basic_string<char, std::char_traits<char>, std::allocator<char> >&);Defined DefinedKind
lib/libLLVMObject.a(ModuleSymbolTable.cpp.o);lib/libLLVMMCParser.a(AsmParser.cpp.o);llvm::createMCAsmParser(llvm::SourceMgr&, llvm::MCContext&, llvm::MCStreamer&, llvm::MCAsmInfo const&, unsigned int);Defined DefinedKind
lib/libLLVMObject.a(ModuleSymbolTable.cpp.o);lib/libLLVMCore.a(Globals.cpp.o);llvm::GlobalValue::getBaseObject() const;Defined DefinedKind
lib/libLLVMObject.a(ModuleSymbolTable.cpp.o);lib/libLLVMCore.a(Globals.cpp.o);llvm::GlobalObject::getSectionImpl() const;Defined DefinedKind
lib/libLLVMObject.a(ModuleSymbolTable.cpp.o);lib/libLLVMCore.a(Globals.cpp.o);llvm::GlobalValue::isDeclaration() const;Defined DefinedKind
lib/libLLVMObject.a(ModuleSymbolTable.cpp.o);lib/libLLVMCore.a(Mangler.cpp.o);llvm::Mangler::getNameWithPrefix(llvm::raw_ostream&, llvm::GlobalValue const*, bool) const;Defined DefinedKind
lib/libLLVMObject.a(ModuleSymbolTable.cpp.o);lib/libLLVMCore.a(Module.cpp.o);llvm::Module::global_values();Defined DefinedKind
lib/libLLVMObject.a(ModuleSymbolTable.cpp.o);lib/libLLVMCore.a(Module.cpp.o);llvm::Module::getSDKVersion() const;Defined DefinedKind
lib/libLLVMObject.a(ModuleSymbolTable.cpp.o);lib/libLLVMCore.a(Value.cpp.o);llvm::Value::getName() const;Defined DefinedKind
lib/libLLVMObject.a(ModuleSymbolTable.cpp.o);lib/libLLVMMCParser.a(MCAsmParser.cpp.o);llvm::MCAsmParser::setTargetParser(llvm::MCTargetAsmParser&);Defined DefinedKind
lib/libLLVMObject.a(ModuleSymbolTable.cpp.o);lib/libLLVMMC.a(MCContext.cpp.o);llvm::MCContext::MCContext(llvm::Triple const&, llvm::MCAsmInfo const*, llvm::MCRegisterInfo const*, llvm::MCSubtargetInfo const*, llvm::SourceMgr const*, llvm::MCTargetOptions const*, bool);Defined DefinedKind
lib/libLLVMObject.a(ModuleSymbolTable.cpp.o);lib/libLLVMMC.a(MCContext.cpp.o);llvm::MCContext::~MCContext();Defined DefinedKind
lib/libLLVMObject.a(ModuleSymbolTable.cpp.o);lib/libLLVMMC.a(MCObjectFileInfo.cpp.o);llvm::MCObjectFileInfo::initMCObjectFileInfo(llvm::MCContext&, bool, bool);Defined DefinedKind
lib/libLLVMObject.a(ModuleSymbolTable.cpp.o);lib/libLLVMMC.a(MCStreamer.cpp.o);llvm::MCStreamer::~MCStreamer();Defined DefinedKind
lib/libLLVMObject.a(ModuleSymbolTable.cpp.o);lib/libLLVMMC.a(MCTargetOptions.cpp.o);llvm::MCTargetOptions::MCTargetOptions();Defined DefinedKind
lib/libLLVMObject.a(ObjectFile.cpp.o);lib/libLLVMObject.a(Error.cpp.o);llvm::object::object_category();Defined DefinedKind
lib/libLLVMObject.a(ObjectFile.cpp.o);lib/libLLVMObject.a(MachOObjectFile.cpp.o);llvm::object::ObjectFile::createMachOObjectFile(llvm::MemoryBufferRef, unsigned int, unsigned int);Defined DefinedKind
lib/libLLVMObject.a(ObjectFile.cpp.o);lib/libLLVMObject.a(ELFObjectFile.cpp.o);llvm::object::ObjectFile::createELFObjectFile(llvm::MemoryBufferRef, bool);Defined DefinedKind
lib/libLLVMObject.a(ObjectFile.cpp.o);lib/libLLVMObject.a(COFFObjectFile.cpp.o);llvm::object::ObjectFile::createCOFFObjectFile(llvm::MemoryBufferRef);Defined DefinedKind
lib/libLLVMObject.a(ObjectFile.cpp.o);lib/libLLVMObject.a(SymbolicFile.cpp.o);llvm::object::SymbolicFile::SymbolicFile(unsigned int, llvm::MemoryBufferRef);Defined DefinedKind
lib/libLLVMObject.a(ObjectFile.cpp.o);lib/libLLVMObject.a(WasmObjectFile.cpp.o);llvm::object::ObjectFile::createWasmObjectFile(llvm::MemoryBufferRef);Defined DefinedKind
lib/libLLVMObject.a(ObjectFile.cpp.o);lib/libLLVMObject.a(XCOFFObjectFile.cpp.o);llvm::object::ObjectFile::createXCOFFObjectFile(llvm::MemoryBufferRef, unsigned int);Defined DefinedKind
lib/libLLVMObject.a(ObjectFile.cpp.o);lib/libLLVMSupport.a(Error.cpp.o);llvm::ErrorInfoBase::ID;Defined DefinedKind
lib/libLLVMObject.a(ObjectFile.cpp.o);lib/libLLVMSupport.a(Error.cpp.o);llvm::ErrorList::ID;Defined DefinedKind
lib/libLLVMObject.a(ObjectFile.cpp.o);lib/libLLVMSupport.a(Error.cpp.o);llvm::report_fatal_error(llvm::Error, bool);Defined DefinedKind
lib/libLLVMObject.a(ObjectFile.cpp.o);lib/libLLVMSupport.a(Error.cpp.o);llvm::errorCodeToError(std::error_code);Defined DefinedKind
lib/libLLVMObject.a(ObjectFile.cpp.o);lib/libLLVMSupport.a(MemoryBuffer.cpp.o);llvm::MemoryBuffer::getFile(llvm::Twine const&, bool, bool, bool);Defined DefinedKind
lib/libLLVMObject.a(ObjectFile.cpp.o);lib/libLLVMSupport.a(MemoryBuffer.cpp.o);llvm::MemoryBuffer::getMemBufferRef() const;Defined DefinedKind
lib/libLLVMObject.a(ObjectFile.cpp.o);lib/libLLVMSupport.a(Triple.cpp.o);llvm::Triple::setTriple(llvm::Twine const&);Defined DefinedKind
lib/libLLVMObject.a(ObjectFile.cpp.o);lib/libLLVMSupport.a(raw_ostream.cpp.o);llvm::raw_ostream::write(char const*, unsigned long);Defined DefinedKind
lib/libLLVMObject.a(ObjectFile.cpp.o);lib/libLLVMSupport.a(raw_ostream.cpp.o);llvm::raw_ostream::operator<<(unsigned long);Defined DefinedKind
lib/libLLVMObject.a(ObjectFile.cpp.o);lib/libLLVMSupport.a(raw_ostream.cpp.o);llvm::raw_ostream::operator<<(llvm::FormattedNumber const&);Defined DefinedKind
lib/libLLVMObject.a(ObjectFile.cpp.o);lib/libLLVMBinaryFormat.a(Magic.cpp.o);llvm::identify_magic(llvm::StringRef);Defined DefinedKind
lib/libLLVMObject.a(ELFObjectFile.cpp.o);lib/libLLVMObject.a(Binary.cpp.o);llvm::object::Binary::getMemoryBufferRef() const;Defined DefinedKind
lib/libLLVMObject.a(ELFObjectFile.cpp.o);lib/libLLVMObject.a(Error.cpp.o);llvm::object::object_category();Defined DefinedKind
lib/libLLVMObject.a(ELFObjectFile.cpp.o);lib/libLLVMObject.a(ObjectFile.cpp.o);llvm::object::ObjectFile::getRelocatedSection(llvm::object::DataRefImpl) const;Defined DefinedKind
lib/libLLVMObject.a(ELFObjectFile.cpp.o);lib/libLLVMObject.a(ObjectFile.cpp.o);llvm::object::ObjectFile::isDebugSection(llvm::object::DataRefImpl) const;Defined DefinedKind
lib/libLLVMObject.a(ELFObjectFile.cpp.o);lib/libLLVMObject.a(ObjectFile.cpp.o);llvm::object::ObjectFile::isBerkeleyData(llvm::object::DataRefImpl) const;Defined DefinedKind
lib/libLLVMObject.a(ELFObjectFile.cpp.o);lib/libLLVMObject.a(ObjectFile.cpp.o);llvm::object::ObjectFile::isBerkeleyText(llvm::object::DataRefImpl) const;Defined DefinedKind
lib/libLLVMObject.a(ELFObjectFile.cpp.o);lib/libLLVMObject.a(ObjectFile.cpp.o);llvm::object::ObjectFile::getSymbolAlignment(llvm::object::DataRefImpl) const;Defined DefinedKind
lib/libLLVMObject.a(ELFObjectFile.cpp.o);lib/libLLVMObject.a(ObjectFile.cpp.o);llvm::object::ObjectFile::isSectionStripped(llvm::object::DataRefImpl) const;Defined DefinedKind
lib/libLLVMObject.a(ELFObjectFile.cpp.o);lib/libLLVMObject.a(ObjectFile.cpp.o);llvm::object::ObjectFile::isSectionBitcode(llvm::object::DataRefImpl) const;Defined DefinedKind
lib/libLLVMObject.a(ELFObjectFile.cpp.o);lib/libLLVMObject.a(ObjectFile.cpp.o);llvm::object::ObjectFile::anchor();Defined DefinedKind
lib/libLLVMObject.a(ELFObjectFile.cpp.o);lib/libLLVMObject.a(ObjectFile.cpp.o);llvm::object::ObjectFile::printSymbolName(llvm::raw_ostream&, llvm::object::DataRefImpl) const;Defined DefinedKind
lib/libLLVMObject.a(ELFObjectFile.cpp.o);lib/libLLVMObject.a(ObjectFile.cpp.o);llvm::object::ObjectFile::getSymbolValue(llvm::object::DataRefImpl) const;Defined DefinedKind
lib/libLLVMObject.a(ELFObjectFile.cpp.o);lib/libLLVMObject.a(ObjectFile.cpp.o);llvm::object::ObjectFile::ObjectFile(unsigned int, llvm::MemoryBufferRef);Defined DefinedKind
lib/libLLVMObject.a(ELFObjectFile.cpp.o);lib/libLLVMObject.a(ELF.cpp.o);llvm::object::getELFRelocationTypeName(unsigned int, unsigned int);Defined DefinedKind
lib/libLLVMObject.a(ELFObjectFile.cpp.o);lib/libLLVMObject.a(ELF.cpp.o);llvm::object::getELFSectionTypeName(unsigned int, unsigned int);Defined DefinedKind
lib/libLLVMObject.a(ELFObjectFile.cpp.o);lib/libLLVMObject.a(SymbolicFile.cpp.o);llvm::object::SymbolicFile::~SymbolicFile();Defined DefinedKind
lib/libLLVMObject.a(ELFObjectFile.cpp.o);lib/libLLVMSupport.a(ARMBuildAttrs.cpp.o);llvm::ARMBuildAttrs::ARMAttributeTags;Defined DefinedKind
lib/libLLVMObject.a(ELFObjectFile.cpp.o);lib/libLLVMSupport.a(ELFAttributeParser.cpp.o);llvm::ELFAttributeParser::parse(llvm::ArrayRef<unsigned char>, llvm::support::endianness);Defined DefinedKind
lib/libLLVMObject.a(ELFObjectFile.cpp.o);lib/libLLVMSupport.a(Error.cpp.o);llvm::ErrorList::ID;Defined DefinedKind
lib/libLLVMObject.a(ELFObjectFile.cpp.o);lib/libLLVMSupport.a(Error.cpp.o);llvm::errorCodeToError(std::error_code);Defined DefinedKind
lib/libLLVMObject.a(ELFObjectFile.cpp.o);lib/libLLVMSupport.a(Error.cpp.o);llvm::StringError::StringError(llvm::Twine const&, std::error_code);Defined DefinedKind
lib/libLLVMObject.a(ELFObjectFile.cpp.o);lib/libLLVMSupport.a(Error.cpp.o);llvm::report_fatal_error(llvm::Error, bool);Defined DefinedKind
lib/libLLVMObject.a(ELFObjectFile.cpp.o);lib/libLLVMSupport.a(Error.cpp.o);llvm::errorToErrorCode(llvm::Error);Defined DefinedKind
lib/libLLVMObject.a(ELFObjectFile.cpp.o);lib/libLLVMSupport.a(Error.cpp.o);llvm::ErrorInfoBase::ID;Defined DefinedKind
lib/libLLVMObject.a(ELFObjectFile.cpp.o);lib/libLLVMSupport.a(ErrorHandling.cpp.o);llvm::report_fatal_error(std::__cxx11::basic_string<char, std::char_traits<char>, std::allocator<char> > const&, bool);Defined DefinedKind
lib/libLLVMObject.a(ELFObjectFile.cpp.o);lib/libLLVMSupport.a(ErrorHandling.cpp.o);llvm::report_fatal_error(char const*, bool);Defined DefinedKind
lib/libLLVMObject.a(ELFObjectFile.cpp.o);lib/libLLVMSupport.a(MemAlloc.cpp.o);llvm::deallocate_buffer(void*, unsigned long, unsigned long);Defined DefinedKind
lib/libLLVMObject.a(ELFObjectFile.cpp.o);lib/libLLVMSupport.a(MemAlloc.cpp.o);llvm::allocate_buffer(unsigned long, unsigned long);Defined DefinedKind
lib/libLLVMObject.a(ELFObjectFile.cpp.o);lib/libLLVMSupport.a(RISCVAttributes.cpp.o);llvm::RISCVAttrs::RISCVAttributeTags;Defined DefinedKind
lib/libLLVMObject.a(ELFObjectFile.cpp.o);lib/libLLVMSupport.a(Triple.cpp.o);llvm::Triple::setArchName(llvm::StringRef);Defined DefinedKind
lib/libLLVMObject.a(ELFObjectFile.cpp.o);lib/libLLVMSupport.a(raw_ostream.cpp.o);llvm::raw_ostream::operator<<(llvm::format_object_base const&);Defined DefinedKind
lib/libLLVMObject.a(ELFObjectFile.cpp.o);lib/libLLVMSupport.a(raw_ostream.cpp.o);llvm::format_object_base::home();Defined DefinedKind
lib/libLLVMObject.a(ELFObjectFile.cpp.o);lib/libLLVMSupport.a(raw_ostream.cpp.o);llvm::raw_string_ostream::~raw_string_ostream();Defined DefinedKind
lib/libLLVMObject.a(ELFObjectFile.cpp.o);lib/libLLVMSupport.a(raw_ostream.cpp.o);llvm::raw_ostream::flush_nonempty();Defined DefinedKind
lib/libLLVMObject.a(ELFObjectFile.cpp.o);lib/libLLVMSupport.a(raw_ostream.cpp.o);llvm::raw_ostream::SetBufferAndMode(char*, unsigned long, llvm::raw_ostream::BufferKind);Defined DefinedKind
lib/libLLVMObject.a(ELFObjectFile.cpp.o);lib/libLLVMSupport.a(TargetRegistry.cpp.o);llvm::TargetRegistry::lookupTarget(std::__cxx11::basic_string<char, std::char_traits<char>, std::allocator<char> > const&, std::__cxx11::basic_string<char, std::char_traits<char>, std::allocator<char> >&);Defined DefinedKind
lib/libLLVMObject.a(ELFObjectFile.cpp.o);lib/libLLVMMC.a(SubtargetFeature.cpp.o);llvm::SubtargetFeatures::SubtargetFeatures(llvm::StringRef);Defined DefinedKind
lib/libLLVMObject.a(ELFObjectFile.cpp.o);lib/libLLVMMC.a(SubtargetFeature.cpp.o);llvm::SubtargetFeatures::AddFeature(llvm::StringRef, bool);Defined DefinedKind
lib/libLLVMObject.a(ELF.cpp.o);lib/libLLVMObject.a(Error.cpp.o);llvm::object::object_category();Defined DefinedKind
lib/libLLVMObject.a(ELF.cpp.o);lib/libLLVMSupport.a(DataExtractor.cpp.o);llvm::DataExtractor::getULEB128(unsigned long*, llvm::Error*) const;Defined DefinedKind
lib/libLLVMObject.a(ELF.cpp.o);lib/libLLVMSupport.a(Error.cpp.o);llvm::StringError::StringError(llvm::Twine const&, std::error_code);Defined DefinedKind
lib/libLLVMObject.a(ELF.cpp.o);lib/libLLVMSupport.a(Error.cpp.o);llvm::ErrorList::ID;Defined DefinedKind
lib/libLLVMObject.a(ELF.cpp.o);lib/libLLVMSupport.a(Error.cpp.o);llvm::ErrorInfoBase::ID;Defined DefinedKind
lib/libLLVMObject.a(ELF.cpp.o);lib/libLLVMSupport.a(Error.cpp.o);llvm::createStringError(std::error_code, char const*);Defined DefinedKind
lib/libLLVMObject.a(ELF.cpp.o);lib/libLLVMSupport.a(Twine.cpp.o);llvm::Twine::str[abi:cxx11]() const;Defined DefinedKind
lib/libLLVMObject.a(ELF.cpp.o);lib/libLLVMSupport.a(raw_ostream.cpp.o);llvm::raw_ostream::SetBufferAndMode(char*, unsigned long, llvm::raw_ostream::BufferKind);Defined DefinedKind
lib/libLLVMObject.a(ELF.cpp.o);lib/libLLVMSupport.a(raw_ostream.cpp.o);llvm::raw_ostream::flush_nonempty();Defined DefinedKind
lib/libLLVMObject.a(ELF.cpp.o);lib/libLLVMSupport.a(raw_ostream.cpp.o);llvm::raw_string_ostream::~raw_string_ostream();Defined DefinedKind
lib/libLLVMObject.a(COFFObjectFile.cpp.o);lib/libLLVMObject.a(Error.cpp.o);llvm::object::object_category();Defined DefinedKind
lib/libLLVMObject.a(COFFObjectFile.cpp.o);lib/libLLVMObject.a(ObjectFile.cpp.o);llvm::object::ObjectFile::isSectionBitcode(llvm::object::DataRefImpl) const;Defined DefinedKind
lib/libLLVMObject.a(COFFObjectFile.cpp.o);lib/libLLVMObject.a(ObjectFile.cpp.o);llvm::object::ObjectFile::anchor();Defined DefinedKind
lib/libLLVMObject.a(COFFObjectFile.cpp.o);lib/libLLVMObject.a(ObjectFile.cpp.o);llvm::object::ObjectFile::printSymbolName(llvm::raw_ostream&, llvm::object::DataRefImpl) const;Defined DefinedKind
lib/libLLVMObject.a(COFFObjectFile.cpp.o);lib/libLLVMObject.a(ObjectFile.cpp.o);llvm::object::ObjectFile::getSymbolValue(llvm::object::DataRefImpl) const;Defined DefinedKind
lib/libLLVMObject.a(COFFObjectFile.cpp.o);lib/libLLVMObject.a(ObjectFile.cpp.o);llvm::object::ObjectFile::ObjectFile(unsigned int, llvm::MemoryBufferRef);Defined DefinedKind
lib/libLLVMObject.a(COFFObjectFile.cpp.o);lib/libLLVMObject.a(ObjectFile.cpp.o);llvm::object::ObjectFile::getRelocatedSection(llvm::object::DataRefImpl) const;Defined DefinedKind
lib/libLLVMObject.a(COFFObjectFile.cpp.o);lib/libLLVMObject.a(ObjectFile.cpp.o);llvm::object::ObjectFile::isBerkeleyData(llvm::object::DataRefImpl) const;Defined DefinedKind
lib/libLLVMObject.a(COFFObjectFile.cpp.o);lib/libLLVMObject.a(ObjectFile.cpp.o);llvm::object::ObjectFile::isBerkeleyText(llvm::object::DataRefImpl) const;Defined DefinedKind
lib/libLLVMObject.a(COFFObjectFile.cpp.o);lib/libLLVMObject.a(ObjectFile.cpp.o);llvm::object::ObjectFile::isSectionStripped(llvm::object::DataRefImpl) const;Defined DefinedKind
lib/libLLVMObject.a(COFFObjectFile.cpp.o);lib/libLLVMObject.a(SymbolicFile.cpp.o);llvm::object::SymbolicFile::~SymbolicFile();Defined DefinedKind
lib/libLLVMObject.a(COFFObjectFile.cpp.o);lib/libLLVMSupport.a(Error.cpp.o);llvm::StringError::StringError(llvm::Twine const&, std::error_code);Defined DefinedKind
lib/libLLVMObject.a(COFFObjectFile.cpp.o);lib/libLLVMSupport.a(Error.cpp.o);llvm::createStringError(std::error_code, char const*);Defined DefinedKind
lib/libLLVMObject.a(COFFObjectFile.cpp.o);lib/libLLVMSupport.a(Error.cpp.o);llvm::ErrorList::ID;Defined DefinedKind
lib/libLLVMObject.a(COFFObjectFile.cpp.o);lib/libLLVMSupport.a(Error.cpp.o);llvm::ErrorInfoBase::ID;Defined DefinedKind
lib/libLLVMObject.a(COFFObjectFile.cpp.o);lib/libLLVMSupport.a(Error.cpp.o);llvm::errorCodeToError(std::error_code);Defined DefinedKind
lib/libLLVMObject.a(COFFObjectFile.cpp.o);lib/libLLVMSupport.a(ErrorHandling.cpp.o);llvm::report_fatal_error(char const*, bool);Defined DefinedKind
lib/libLLVMObject.a(COFFObjectFile.cpp.o);lib/libLLVMSupport.a(StringRef.cpp.o);llvm::StringRef::find(llvm::StringRef, unsigned long) const;Defined DefinedKind
lib/libLLVMObject.a(COFFObjectFile.cpp.o);lib/libLLVMSupport.a(StringRef.cpp.o);llvm::getAsUnsignedInteger(llvm::StringRef, unsigned int, unsigned long long&);Defined DefinedKind
lib/libLLVMObject.a(COFFObjectFile.cpp.o);lib/libLLVMSupport.a(raw_ostream.cpp.o);llvm::format_object_base::home();Defined DefinedKind
lib/libLLVMObject.a(COFFObjectFile.cpp.o);lib/libLLVMSupport.a(raw_ostream.cpp.o);llvm::raw_string_ostream::~raw_string_ostream();Defined DefinedKind
lib/libLLVMObject.a(COFFObjectFile.cpp.o);lib/libLLVMSupport.a(raw_ostream.cpp.o);llvm::raw_ostream::flush_nonempty();Defined DefinedKind
lib/libLLVMObject.a(COFFObjectFile.cpp.o);lib/libLLVMSupport.a(raw_ostream.cpp.o);llvm::raw_ostream::operator<<(llvm::format_object_base const&);Defined DefinedKind
lib/libLLVMObject.a(COFFObjectFile.cpp.o);lib/libLLVMSupport.a(raw_ostream.cpp.o);llvm::raw_ostream::SetBufferAndMode(char*, unsigned long, llvm::raw_ostream::BufferKind);Defined DefinedKind
lib/libLLVMObject.a(COFFObjectFile.cpp.o);lib/libLLVMMC.a(SubtargetFeature.cpp.o);llvm::SubtargetFeatures::SubtargetFeatures(llvm::StringRef);Defined DefinedKind
lib/libLLVMObject.a(RecordStreamer.cpp.o);lib/libLLVMSupport.a(MemAlloc.cpp.o);llvm::deallocate_buffer(void*, unsigned long, unsigned long);Defined DefinedKind
lib/libLLVMObject.a(RecordStreamer.cpp.o);lib/libLLVMSupport.a(MemAlloc.cpp.o);llvm::allocate_buffer(unsigned long, unsigned long);Defined DefinedKind
lib/libLLVMObject.a(RecordStreamer.cpp.o);lib/libLLVMSupport.a(StringMap.cpp.o);llvm::StringMapImpl::FindKey(llvm::StringRef) const;Defined DefinedKind
lib/libLLVMObject.a(RecordStreamer.cpp.o);lib/libLLVMSupport.a(StringMap.cpp.o);llvm::StringMapImpl::LookupBucketFor(llvm::StringRef);Defined DefinedKind
lib/libLLVMObject.a(RecordStreamer.cpp.o);lib/libLLVMSupport.a(StringMap.cpp.o);llvm::StringMapImpl::RehashTable(unsigned int);Defined DefinedKind
lib/libLLVMObject.a(RecordStreamer.cpp.o);lib/libLLVMSupport.a(StringRef.cpp.o);llvm::StringRef::find(llvm::StringRef, unsigned long) const;Defined DefinedKind
lib/libLLVMObject.a(RecordStreamer.cpp.o);lib/libLLVMSupport.a(Twine.cpp.o);llvm::Twine::toVector(llvm::SmallVectorImpl<char>&) const;Defined DefinedKind
lib/libLLVMObject.a(RecordStreamer.cpp.o);lib/libLLVMCore.a(Globals.cpp.o);llvm::GlobalValue::isDeclaration() const;Defined DefinedKind
lib/libLLVMObject.a(RecordStreamer.cpp.o);lib/libLLVMCore.a(Mangler.cpp.o);llvm::Mangler::getNameWithPrefix(llvm::SmallVectorImpl<char>&, llvm::GlobalValue const*, bool) const;Defined DefinedKind
lib/libLLVMObject.a(RecordStreamer.cpp.o);lib/libLLVMCore.a(Module.cpp.o);llvm::Module::getNamedValue(llvm::StringRef) const;Defined DefinedKind
lib/libLLVMObject.a(RecordStreamer.cpp.o);lib/libLLVMCore.a(Module.cpp.o);llvm::Module::global_values() const;Defined DefinedKind
lib/libLLVMObject.a(RecordStreamer.cpp.o);lib/libLLVMCore.a(Value.cpp.o);llvm::Value::getName() const;Defined DefinedKind
lib/libLLVMObject.a(RecordStreamer.cpp.o);lib/libLLVMMC.a(MCContext.cpp.o);llvm::MCContext::getOrCreateSymbol(llvm::Twine const&);Defined DefinedKind
lib/libLLVMObject.a(RecordStreamer.cpp.o);lib/libLLVMMC.a(MCExpr.cpp.o);llvm::MCSymbolRefExpr::create(llvm::MCSymbol const*, llvm::MCSymbolRefExpr::VariantKind, llvm::MCContext&, llvm::SMLoc);Defined DefinedKind
lib/libLLVMObject.a(RecordStreamer.cpp.o);lib/libLLVMMC.a(MCStreamer.cpp.o);llvm::MCStreamer::emitCFIDefCfaOffset(long);Defined DefinedKind
lib/libLLVMObject.a(RecordStreamer.cpp.o);lib/libLLVMMC.a(MCStreamer.cpp.o);llvm::MCStreamer::emitCFIPersonality(llvm::MCSymbol const*, unsigned int);Defined DefinedKind
lib/libLLVMObject.a(RecordStreamer.cpp.o);lib/libLLVMMC.a(MCStreamer.cpp.o);llvm::MCStreamer::emitCFIOffset(long, long);Defined DefinedKind
lib/libLLVMObject.a(RecordStreamer.cpp.o);lib/libLLVMMC.a(MCStreamer.cpp.o);llvm::MCStreamer::emitCFILLVMDefAspaceCfa(long, long, long);Defined DefinedKind
lib/libLLVMObject.a(RecordStreamer.cpp.o);lib/libLLVMMC.a(MCStreamer.cpp.o);llvm::MCStreamer::emitCFIDefCfaRegister(long);Defined DefinedKind
lib/libLLVMObject.a(RecordStreamer.cpp.o);lib/libLLVMMC.a(MCStreamer.cpp.o);llvm::MCStreamer::emitCFILsda(llvm::MCSymbol const*, unsigned int);Defined DefinedKind
lib/libLLVMObject.a(RecordStreamer.cpp.o);lib/libLLVMMC.a(MCStreamer.cpp.o);llvm::MCStreamer::emitCFIRememberState();Defined DefinedKind
lib/libLLVMObject.a(RecordStreamer.cpp.o);lib/libLLVMMC.a(MCStreamer.cpp.o);llvm::MCStreamer::emitCVDefRangeDirective(llvm::ArrayRef<std::pair<llvm::MCSymbol const*, llvm::MCSymbol const*> >, llvm::codeview::DefRangeSubfieldRegisterHeader);Defined DefinedKind
lib/libLLVMObject.a(RecordStreamer.cpp.o);lib/libLLVMMC.a(MCStreamer.cpp.o);llvm::MCStreamer::emitCFIRestoreState();Defined DefinedKind
lib/libLLVMObject.a(RecordStreamer.cpp.o);lib/libLLVMMC.a(MCStreamer.cpp.o);llvm::MCStreamer::emitCFISameValue(long);Defined DefinedKind
lib/libLLVMObject.a(RecordStreamer.cpp.o);lib/libLLVMMC.a(MCStreamer.cpp.o);llvm::MCStreamer::emitCFIRestore(long);Defined DefinedKind
lib/libLLVMObject.a(RecordStreamer.cpp.o);lib/libLLVMMC.a(MCStreamer.cpp.o);llvm::MCStreamer::emitCFIRelOffset(long, long);Defined DefinedKind
lib/libLLVMObject.a(RecordStreamer.cpp.o);lib/libLLVMMC.a(MCStreamer.cpp.o);llvm::MCStreamer::emitCFIAdjustCfaOffset(long);Defined DefinedKind
lib/libLLVMObject.a(RecordStreamer.cpp.o);lib/libLLVMMC.a(MCStreamer.cpp.o);llvm::MCStreamer::emitCFIEscape(llvm::StringRef);Defined DefinedKind
lib/libLLVMObject.a(RecordStreamer.cpp.o);lib/libLLVMMC.a(MCStreamer.cpp.o);llvm::MCStreamer::emitCFIReturnColumn(long);Defined DefinedKind
lib/libLLVMObject.a(RecordStreamer.cpp.o);lib/libLLVMMC.a(MCStreamer.cpp.o);llvm::MCStreamer::emitCFIDefCfa(long, long);Defined DefinedKind
lib/libLLVMObject.a(RecordStreamer.cpp.o);lib/libLLVMMC.a(MCStreamer.cpp.o);llvm::MCStreamer::emitCFISections(bool, bool);Defined DefinedKind
lib/libLLVMObject.a(RecordStreamer.cpp.o);lib/libLLVMMC.a(MCStreamer.cpp.o);llvm::MCStreamer::getDwarfLineTableSymbol(unsigned int);Defined DefinedKind
lib/libLLVMObject.a(RecordStreamer.cpp.o);lib/libLLVMMC.a(MCStreamer.cpp.o);llvm::MCStreamer::emitAbsoluteSymbolDiffAsULEB128(llvm::MCSymbol const*, llvm::MCSymbol const*);Defined DefinedKind
lib/libLLVMObject.a(RecordStreamer.cpp.o);lib/libLLVMMC.a(MCStreamer.cpp.o);llvm::MCStreamer::emitAbsoluteSymbolDiff(llvm::MCSymbol const*, llvm::MCSymbol const*, unsigned int);Defined DefinedKind
lib/libLLVMObject.a(RecordStreamer.cpp.o);lib/libLLVMMC.a(MCStreamer.cpp.o);llvm::MCStreamer::emitCVDefRangeDirective(llvm::ArrayRef<std::pair<llvm::MCSymbol const*, llvm::MCSymbol const*> >, llvm::codeview::DefRangeFramePointerRelHeader);Defined DefinedKind
lib/libLLVMObject.a(RecordStreamer.cpp.o);lib/libLLVMMC.a(MCStreamer.cpp.o);llvm::MCStreamer::emitCVDefRangeDirective(llvm::ArrayRef<std::pair<llvm::MCSymbol const*, llvm::MCSymbol const*> >, llvm::codeview::DefRangeRegisterHeader);Defined DefinedKind
lib/libLLVMObject.a(RecordStreamer.cpp.o);lib/libLLVMMC.a(MCStreamer.cpp.o);llvm::MCStreamer::EmitWinCFIStartProc(llvm::MCSymbol const*, llvm::SMLoc);Defined DefinedKind
lib/libLLVMObject.a(RecordStreamer.cpp.o);lib/libLLVMMC.a(MCStreamer.cpp.o);llvm::MCStreamer::emitCVDefRangeDirective(llvm::ArrayRef<std::pair<llvm::MCSymbol const*, llvm::MCSymbol const*> >, llvm::codeview::DefRangeRegisterRelHeader);Defined DefinedKind
lib/libLLVMObject.a(RecordStreamer.cpp.o);lib/libLLVMMC.a(MCStreamer.cpp.o);llvm::MCStreamer::emitCVDefRangeDirective(llvm::ArrayRef<std::pair<llvm::MCSymbol const*, llvm::MCSymbol const*> >, llvm::StringRef);Defined DefinedKind
lib/libLLVMObject.a(RecordStreamer.cpp.o);lib/libLLVMMC.a(MCStreamer.cpp.o);llvm::MCStreamer::emitCVInlineLinetableDirective(unsigned int, unsigned int, unsigned int, llvm::MCSymbol const*, llvm::MCSymbol const*);Defined DefinedKind
lib/libLLVMObject.a(RecordStreamer.cpp.o);lib/libLLVMMC.a(MCStreamer.cpp.o);llvm::MCStreamer::emitCVLinetableDirective(unsigned int, llvm::MCSymbol const*, llvm::MCSymbol const*);Defined DefinedKind
lib/libLLVMObject.a(RecordStreamer.cpp.o);lib/libLLVMMC.a(MCStreamer.cpp.o);llvm::MCStreamer::emitCVLocDirective(unsigned int, unsigned int, unsigned int, unsigned int, bool, bool, llvm::StringRef, llvm::SMLoc);Defined DefinedKind
lib/libLLVMObject.a(RecordStreamer.cpp.o);lib/libLLVMMC.a(MCStreamer.cpp.o);llvm::MCStreamer::EmitCVInlineSiteIdDirective(unsigned int, unsigned int, unsigned int, unsigned int, unsigned int, llvm::SMLoc);Defined DefinedKind
lib/libLLVMObject.a(RecordStreamer.cpp.o);lib/libLLVMMC.a(MCStreamer.cpp.o);llvm::MCStreamer::EmitCVFuncIdDirective(unsigned int);Defined DefinedKind
lib/libLLVMObject.a(RecordStreamer.cpp.o);lib/libLLVMMC.a(MCStreamer.cpp.o);llvm::MCStreamer::EmitWinCFISaveXMM(llvm::MCRegister, unsigned int, llvm::SMLoc);Defined DefinedKind
lib/libLLVMObject.a(RecordStreamer.cpp.o);lib/libLLVMMC.a(MCStreamer.cpp.o);llvm::MCStreamer::emitDwarfLineStartLabel(llvm::MCSymbol*);Defined DefinedKind
lib/libLLVMObject.a(RecordStreamer.cpp.o);lib/libLLVMMC.a(MCStreamer.cpp.o);llvm::MCStreamer::emitDwarfUnitLength(llvm::Twine const&, llvm::Twine const&);Defined DefinedKind
lib/libLLVMObject.a(RecordStreamer.cpp.o);lib/libLLVMMC.a(MCStreamer.cpp.o);llvm::MCStreamer::emitDwarfUnitLength(unsigned long, llvm::Twine const&);Defined DefinedKind
lib/libLLVMObject.a(RecordStreamer.cpp.o);lib/libLLVMMC.a(MCStreamer.cpp.o);llvm::MCStreamer::finishImpl();Defined DefinedKind
lib/libLLVMObject.a(RecordStreamer.cpp.o);lib/libLLVMMC.a(MCStreamer.cpp.o);llvm::MCStreamer::emitBundleUnlock();Defined DefinedKind
lib/libLLVMObject.a(RecordStreamer.cpp.o);lib/libLLVMMC.a(MCStreamer.cpp.o);llvm::MCStreamer::emitBundleLock(bool);Defined DefinedKind
lib/libLLVMObject.a(RecordStreamer.cpp.o);lib/libLLVMMC.a(MCStreamer.cpp.o);llvm::MCStreamer::emitBundleAlignMode(unsigned int);Defined DefinedKind
lib/libLLVMObject.a(RecordStreamer.cpp.o);lib/libLLVMMC.a(MCStreamer.cpp.o);llvm::MCStreamer::emitPseudoProbe(unsigned long, unsigned long, unsigned long, unsigned long, llvm::SmallVector<std::tuple<unsigned long, unsigned int>, 8u> const&);Defined DefinedKind
lib/libLLVMObject.a(RecordStreamer.cpp.o);lib/libLLVMMC.a(MCStreamer.cpp.o);llvm::MCStreamer::emitSyntaxDirective();Defined DefinedKind
lib/libLLVMObject.a(RecordStreamer.cpp.o);lib/libLLVMMC.a(MCStreamer.cpp.o);llvm::MCStreamer::emitCGProfileEntry(llvm::MCSymbolRefExpr const*, llvm::MCSymbolRefExpr const*, unsigned long);Defined DefinedKind
lib/libLLVMObject.a(RecordStreamer.cpp.o);lib/libLLVMMC.a(MCStreamer.cpp.o);llvm::MCStreamer::EmitWinEHHandlerData(llvm::SMLoc);Defined DefinedKind
lib/libLLVMObject.a(RecordStreamer.cpp.o);lib/libLLVMMC.a(MCStreamer.cpp.o);llvm::MCStreamer::EmitWinEHHandler(llvm::MCSymbol const*, bool, bool, llvm::SMLoc);Defined DefinedKind
lib/libLLVMObject.a(RecordStreamer.cpp.o);lib/libLLVMMC.a(MCStreamer.cpp.o);llvm::MCStreamer::EmitWinCFIEndProlog(llvm::SMLoc);Defined DefinedKind
lib/libLLVMObject.a(RecordStreamer.cpp.o);lib/libLLVMMC.a(MCStreamer.cpp.o);llvm::MCStreamer::EmitWinCFIPushFrame(bool, llvm::SMLoc);Defined DefinedKind
lib/libLLVMObject.a(RecordStreamer.cpp.o);lib/libLLVMMC.a(MCStreamer.cpp.o);llvm::MCStreamer::emitCFIGnuArgsSize(long);Defined DefinedKind
lib/libLLVMObject.a(RecordStreamer.cpp.o);lib/libLLVMMC.a(MCStreamer.cpp.o);llvm::MCStreamer::EmitWinCFISaveReg(llvm::MCRegister, unsigned int, llvm::SMLoc);Defined DefinedKind
lib/libLLVMObject.a(RecordStreamer.cpp.o);lib/libLLVMMC.a(MCStreamer.cpp.o);llvm::MCStreamer::EmitWinCFIAllocStack(unsigned int, llvm::SMLoc);Defined DefinedKind
lib/libLLVMObject.a(RecordStreamer.cpp.o);lib/libLLVMMC.a(MCStreamer.cpp.o);llvm::MCStreamer::EmitWinCFISetFrame(llvm::MCRegister, unsigned int, llvm::SMLoc);Defined DefinedKind
lib/libLLVMObject.a(RecordStreamer.cpp.o);lib/libLLVMMC.a(MCStreamer.cpp.o);llvm::MCStreamer::EmitWinCFIPushReg(llvm::MCRegister, llvm::SMLoc);Defined DefinedKind
lib/libLLVMObject.a(RecordStreamer.cpp.o);lib/libLLVMMC.a(MCStreamer.cpp.o);llvm::MCStreamer::EmitWinCFIEndChained(llvm::SMLoc);Defined DefinedKind
lib/libLLVMObject.a(RecordStreamer.cpp.o);lib/libLLVMMC.a(MCStreamer.cpp.o);llvm::MCStreamer::EmitWinCFIStartChained(llvm::SMLoc);Defined DefinedKind
lib/libLLVMObject.a(RecordStreamer.cpp.o);lib/libLLVMMC.a(MCStreamer.cpp.o);llvm::MCStreamer::EmitWinCFIFuncletOrFuncEnd(llvm::SMLoc);Defined DefinedKind
lib/libLLVMObject.a(RecordStreamer.cpp.o);lib/libLLVMMC.a(MCStreamer.cpp.o);llvm::MCStreamer::EmitWinCFIEndProc(llvm::SMLoc);Defined DefinedKind
lib/libLLVMObject.a(RecordStreamer.cpp.o);lib/libLLVMMC.a(MCStreamer.cpp.o);llvm::MCStreamer::emitCodeAlignment(unsigned int, unsigned int);Defined DefinedKind
lib/libLLVMObject.a(RecordStreamer.cpp.o);lib/libLLVMMC.a(MCStreamer.cpp.o);llvm::MCStreamer::emitCFINegateRAState();Defined DefinedKind
lib/libLLVMObject.a(RecordStreamer.cpp.o);lib/libLLVMMC.a(MCStreamer.cpp.o);llvm::MCStreamer::emitCFIWindowSave();Defined DefinedKind
lib/libLLVMObject.a(RecordStreamer.cpp.o);lib/libLLVMMC.a(MCStreamer.cpp.o);llvm::MCStreamer::emitCFIRegister(long, long);Defined DefinedKind
lib/libLLVMObject.a(RecordStreamer.cpp.o);lib/libLLVMMC.a(MCStreamer.cpp.o);llvm::MCStreamer::emitCFIUndefined(long);Defined DefinedKind
lib/libLLVMObject.a(RecordStreamer.cpp.o);lib/libLLVMMC.a(MCStreamer.cpp.o);llvm::MCStreamer::emitCFISignalFrame();Defined DefinedKind
lib/libLLVMObject.a(RecordStreamer.cpp.o);lib/libLLVMMC.a(MCStreamer.cpp.o);llvm::MCStreamer::addExplicitComment(llvm::Twine const&);Defined DefinedKind
lib/libLLVMObject.a(RecordStreamer.cpp.o);lib/libLLVMMC.a(MCStreamer.cpp.o);llvm::MCStreamer::EmitCOFFImgRel32(llvm::MCSymbol const*, long);Defined DefinedKind
lib/libLLVMObject.a(RecordStreamer.cpp.o);lib/libLLVMMC.a(MCStreamer.cpp.o);llvm::MCStreamer::EmitCOFFSecRel32(llvm::MCSymbol const*, unsigned long);Defined DefinedKind
lib/libLLVMObject.a(RecordStreamer.cpp.o);lib/libLLVMMC.a(MCStreamer.cpp.o);llvm::MCStreamer::EmitCOFFSectionIndex(llvm::MCSymbol const*);Defined DefinedKind
lib/libLLVMObject.a(RecordStreamer.cpp.o);lib/libLLVMMC.a(MCStreamer.cpp.o);llvm::MCStreamer::EmitCOFFSymbolIndex(llvm::MCSymbol const*);Defined DefinedKind
lib/libLLVMObject.a(RecordStreamer.cpp.o);lib/libLLVMMC.a(MCStreamer.cpp.o);llvm::MCStreamer::EmitCOFFSafeSEH(llvm::MCSymbol const*);Defined DefinedKind
lib/libLLVMObject.a(RecordStreamer.cpp.o);lib/libLLVMMC.a(MCStreamer.cpp.o);llvm::MCStreamer::emitSymbolDesc(llvm::MCSymbol*, unsigned int);Defined DefinedKind
lib/libLLVMObject.a(RecordStreamer.cpp.o);lib/libLLVMMC.a(MCStreamer.cpp.o);llvm::MCStreamer::emitWeakReference(llvm::MCSymbol*, llvm::MCSymbol const*);Defined DefinedKind
lib/libLLVMObject.a(RecordStreamer.cpp.o);lib/libLLVMMC.a(MCStreamer.cpp.o);llvm::MCStreamer::emitThumbFunc(llvm::MCSymbol*);Defined DefinedKind
lib/libLLVMObject.a(RecordStreamer.cpp.o);lib/libLLVMMC.a(MCStreamer.cpp.o);llvm::MCStreamer::emitAssemblerFlag(llvm::MCAssemblerFlag);Defined DefinedKind
lib/libLLVMObject.a(RecordStreamer.cpp.o);lib/libLLVMMC.a(MCStreamer.cpp.o);llvm::MCStreamer::emitEHSymAttributes(llvm::MCSymbol const*, llvm::MCSymbol*);Defined DefinedKind
lib/libLLVMObject.a(RecordStreamer.cpp.o);lib/libLLVMMC.a(MCStreamer.cpp.o);llvm::MCStreamer::InitSections(bool);Defined DefinedKind
lib/libLLVMObject.a(RecordStreamer.cpp.o);lib/libLLVMMC.a(MCStreamer.cpp.o);llvm::MCStreamer::SwitchSection(llvm::MCSection*, llvm::MCExpr const*);Defined DefinedKind
lib/libLLVMObject.a(RecordStreamer.cpp.o);lib/libLLVMMC.a(MCStreamer.cpp.o);llvm::MCStreamer::changeSection(llvm::MCSection*, llvm::MCExpr const*);Defined DefinedKind
lib/libLLVMObject.a(RecordStreamer.cpp.o);lib/libLLVMMC.a(MCStreamer.cpp.o);llvm::MCStreamer::emitExplicitComments();Defined DefinedKind
lib/libLLVMObject.a(RecordStreamer.cpp.o);lib/libLLVMMC.a(MCStreamer.cpp.o);llvm::MCStreamer::emitXCOFFLocalCommonSymbol(llvm::MCSymbol*, unsigned long, llvm::MCSymbol*, unsigned int);Defined DefinedKind
lib/libLLVMObject.a(RecordStreamer.cpp.o);lib/libLLVMMC.a(MCStreamer.cpp.o);llvm::MCStreamer::emitRawComment(llvm::Twine const&, bool);Defined DefinedKind
lib/libLLVMObject.a(RecordStreamer.cpp.o);lib/libLLVMMC.a(MCStreamer.cpp.o);llvm::MCStreamer::GetCommentOS();Defined DefinedKind
lib/libLLVMObject.a(RecordStreamer.cpp.o);lib/libLLVMMC.a(MCStreamer.cpp.o);llvm::MCStreamer::emitCFILabel();Defined DefinedKind
lib/libLLVMObject.a(RecordStreamer.cpp.o);lib/libLLVMMC.a(MCStreamer.cpp.o);llvm::MCStreamer::reset();Defined DefinedKind
lib/libLLVMObject.a(RecordStreamer.cpp.o);lib/libLLVMMC.a(MCStreamer.cpp.o);llvm::MCStreamer::emitRawTextImpl(llvm::StringRef);Defined DefinedKind
lib/libLLVMObject.a(RecordStreamer.cpp.o);lib/libLLVMMC.a(MCStreamer.cpp.o);llvm::MCStreamer::EmitWindowsUnwindTables();Defined DefinedKind
lib/libLLVMObject.a(RecordStreamer.cpp.o);lib/libLLVMMC.a(MCStreamer.cpp.o);llvm::MCStreamer::EmitWindowsUnwindTables(llvm::WinEH::FrameInfo*);Defined DefinedKind
lib/libLLVMObject.a(RecordStreamer.cpp.o);lib/libLLVMMC.a(MCStreamer.cpp.o);llvm::MCStreamer::emitCFIEndProcImpl(llvm::MCDwarfFrameInfo&);Defined DefinedKind
lib/libLLVMObject.a(RecordStreamer.cpp.o);lib/libLLVMMC.a(MCStreamer.cpp.o);llvm::MCStreamer::emitCFIStartProcImpl(llvm::MCDwarfFrameInfo&);Defined DefinedKind
lib/libLLVMObject.a(RecordStreamer.cpp.o);lib/libLLVMMC.a(MCStreamer.cpp.o);llvm::MCStreamer::emitAssignment(llvm::MCSymbol*, llvm::MCExpr const*);Defined DefinedKind
lib/libLLVMObject.a(RecordStreamer.cpp.o);lib/libLLVMMC.a(MCStreamer.cpp.o);llvm::MCStreamer::emitLabel(llvm::MCSymbol*, llvm::SMLoc);Defined DefinedKind
lib/libLLVMObject.a(RecordStreamer.cpp.o);lib/libLLVMMC.a(MCStreamer.cpp.o);llvm::MCStreamer::emitInstruction(llvm::MCInst const&, llvm::MCSubtargetInfo const&);Defined DefinedKind
lib/libLLVMObject.a(RecordStreamer.cpp.o);lib/libLLVMMC.a(MCStreamer.cpp.o);llvm::MCStreamer::MCStreamer(llvm::MCContext&);Defined DefinedKind
lib/libLLVMObject.a(RecordStreamer.cpp.o);lib/libLLVMMC.a(MCStreamer.cpp.o);llvm::MCStreamer::~MCStreamer();Defined DefinedKind
lib/libLLVMObject.a(RecordStreamer.cpp.o);lib/libLLVMMC.a(MCStreamer.cpp.o);llvm::MCStreamer::emitDTPRel32Value(llvm::MCExpr const*);Defined DefinedKind
lib/libLLVMObject.a(RecordStreamer.cpp.o);lib/libLLVMMC.a(MCStreamer.cpp.o);llvm::MCStreamer::emitDwarfLocDirective(unsigned int, unsigned int, unsigned int, unsigned int, unsigned int, unsigned int, llvm::StringRef);Defined DefinedKind
lib/libLLVMObject.a(RecordStreamer.cpp.o);lib/libLLVMMC.a(MCStreamer.cpp.o);llvm::MCStreamer::emitCFIBKeyFrame();Defined DefinedKind
lib/libLLVMObject.a(RecordStreamer.cpp.o);lib/libLLVMMC.a(MCStreamer.cpp.o);llvm::MCStreamer::emitDwarfFile0Directive(llvm::StringRef, llvm::StringRef, llvm::Optional<llvm::MD5::MD5Result>, llvm::Optional<llvm::StringRef>, unsigned int);Defined DefinedKind
lib/libLLVMObject.a(RecordStreamer.cpp.o);lib/libLLVMMC.a(MCStreamer.cpp.o);llvm::MCStreamer::tryEmitDwarfFileDirective(unsigned int, llvm::StringRef, llvm::StringRef, llvm::Optional<llvm::MD5::MD5Result>, llvm::Optional<llvm::StringRef>, unsigned int);Defined DefinedKind
lib/libLLVMObject.a(RecordStreamer.cpp.o);lib/libLLVMMC.a(MCStreamer.cpp.o);llvm::MCStreamer::emitFileDirective(llvm::StringRef);Defined DefinedKind
lib/libLLVMObject.a(RecordStreamer.cpp.o);lib/libLLVMMC.a(MCStreamer.cpp.o);llvm::MCStreamer::emitValueToOffset(llvm::MCExpr const*, unsigned char, llvm::SMLoc);Defined DefinedKind
lib/libLLVMObject.a(RecordStreamer.cpp.o);lib/libLLVMMC.a(MCStreamer.cpp.o);llvm::MCStreamer::emitValueToAlignment(unsigned int, long, unsigned int, unsigned int);Defined DefinedKind
lib/libLLVMObject.a(RecordStreamer.cpp.o);lib/libLLVMMC.a(MCStreamer.cpp.o);llvm::MCStreamer::emitNops(long, long, llvm::SMLoc);Defined DefinedKind
lib/libLLVMObject.a(RecordStreamer.cpp.o);lib/libLLVMMC.a(MCStreamer.cpp.o);llvm::MCStreamer::emitFill(llvm::MCExpr const&, long, long, llvm::SMLoc);Defined DefinedKind
lib/libLLVMObject.a(RecordStreamer.cpp.o);lib/libLLVMMC.a(MCStreamer.cpp.o);llvm::MCStreamer::emitFill(llvm::MCExpr const&, unsigned long, llvm::SMLoc);Defined DefinedKind
lib/libLLVMObject.a(RecordStreamer.cpp.o);lib/libLLVMMC.a(MCStreamer.cpp.o);llvm::MCStreamer::emitGPRel32Value(llvm::MCExpr const*);Defined DefinedKind
lib/libLLVMObject.a(RecordStreamer.cpp.o);lib/libLLVMMC.a(MCStreamer.cpp.o);llvm::MCStreamer::emitGPRel64Value(llvm::MCExpr const*);Defined DefinedKind
lib/libLLVMObject.a(RecordStreamer.cpp.o);lib/libLLVMMC.a(MCStreamer.cpp.o);llvm::MCStreamer::emitTPRel32Value(llvm::MCExpr const*);Defined DefinedKind
lib/libLLVMObject.a(RecordStreamer.cpp.o);lib/libLLVMMC.a(MCStreamer.cpp.o);llvm::MCStreamer::emitTPRel64Value(llvm::MCExpr const*);Defined DefinedKind
lib/libLLVMObject.a(RecordStreamer.cpp.o);lib/libLLVMMC.a(MCStreamer.cpp.o);llvm::MCStreamer::EmitCVFileDirective(unsigned int, llvm::StringRef, llvm::ArrayRef<unsigned char>, unsigned int);Defined DefinedKind
lib/libLLVMObject.a(RecordStreamer.cpp.o);lib/libLLVMMC.a(MCStreamer.cpp.o);llvm::MCStreamer::emitDTPRel64Value(llvm::MCExpr const*);Defined DefinedKind
lib/libLLVMObject.a(RecordStreamer.cpp.o);lib/libLLVMMC.a(MCStreamer.cpp.o);llvm::MCStreamer::emitSLEB128Value(llvm::MCExpr const*);Defined DefinedKind
lib/libLLVMObject.a(RecordStreamer.cpp.o);lib/libLLVMMC.a(MCStreamer.cpp.o);llvm::MCStreamer::emitULEB128Value(llvm::MCExpr const*);Defined DefinedKind
lib/libLLVMObject.a(RecordStreamer.cpp.o);lib/libLLVMMC.a(MCStreamer.cpp.o);llvm::MCStreamer::emitIntValue(llvm::APInt);Defined DefinedKind
lib/libLLVMObject.a(RecordStreamer.cpp.o);lib/libLLVMMC.a(MCStreamer.cpp.o);llvm::MCStreamer::emitIntValue(unsigned long, unsigned int);Defined DefinedKind
lib/libLLVMObject.a(RecordStreamer.cpp.o);lib/libLLVMMC.a(MCStreamer.cpp.o);llvm::MCStreamer::emitValueImpl(llvm::MCExpr const*, unsigned int, llvm::SMLoc);Defined DefinedKind
lib/libLLVMObject.a(RecordStreamer.cpp.o);lib/libLLVMMC.a(MCStreamer.cpp.o);llvm::MCStreamer::emitBinaryData(llvm::StringRef);Defined DefinedKind
lib/libLLVMObject.a(RecordStreamer.cpp.o);lib/libLLVMMC.a(MCStreamer.cpp.o);llvm::MCStreamer::emitBytes(llvm::StringRef);Defined DefinedKind
lib/libLLVMObject.a(RecordStreamer.cpp.o);lib/libLLVMMC.a(MCStreamer.cpp.o);llvm::MCStreamer::emitTBSSSymbol(llvm::MCSection*, llvm::MCSymbol*, unsigned long, unsigned int);Defined DefinedKind
lib/libLLVMObject.a(RecordStreamer.cpp.o);lib/libLLVMMC.a(MCStreamer.cpp.o);llvm::MCStreamer::emitLocalCommonSymbol(llvm::MCSymbol*, unsigned long, unsigned int);Defined DefinedKind
lib/libLLVMObject.a(RecordStreamer.cpp.o);lib/libLLVMMC.a(MCStreamer.cpp.o);llvm::MCStreamer::emitELFSize(llvm::MCSymbol*, llvm::MCExpr const*);Defined DefinedKind
lib/libLLVMObject.a(RecordStreamer.cpp.o);lib/libLLVMMC.a(MCStreamer.cpp.o);llvm::MCStreamer::emitXCOFFRenameDirective(llvm::MCSymbol const*, llvm::StringRef);Defined DefinedKind
lib/libLLVMObject.a(RecordStreamer.cpp.o);lib/libLLVMMC.a(MCStreamer.cpp.o);llvm::MCStreamer::emitXCOFFSymbolLinkageWithVisibility(llvm::MCSymbol*, llvm::MCSymbolAttr, llvm::MCSymbolAttr);Defined DefinedKind
lib/libLLVMObject.a(SymbolicFile.cpp.o);lib/libLLVMObject.a(Binary.cpp.o);llvm::object::Binary::~Binary();Defined DefinedKind
lib/libLLVMObject.a(SymbolicFile.cpp.o);lib/libLLVMObject.a(Binary.cpp.o);llvm::object::Binary::Binary(unsigned int, llvm::MemoryBufferRef);Defined DefinedKind
lib/libLLVMObject.a(SymbolicFile.cpp.o);lib/libLLVMObject.a(Error.cpp.o);llvm::object::object_category();Defined DefinedKind
lib/libLLVMObject.a(SymbolicFile.cpp.o);lib/libLLVMObject.a(IRObjectFile.cpp.o);llvm::object::IRObjectFile::create(llvm::MemoryBufferRef, llvm::LLVMContext&);Defined DefinedKind
lib/libLLVMObject.a(SymbolicFile.cpp.o);lib/libLLVMObject.a(IRObjectFile.cpp.o);llvm::object::IRObjectFile::findBitcodeInObject(llvm::object::ObjectFile const&);Defined DefinedKind
lib/libLLVMObject.a(SymbolicFile.cpp.o);lib/libLLVMObject.a(ObjectFile.cpp.o);llvm::object::ObjectFile::createObjectFile(llvm::MemoryBufferRef, llvm::file_magic, bool);Defined DefinedKind
lib/libLLVMObject.a(SymbolicFile.cpp.o);lib/libLLVMSupport.a(Error.cpp.o);llvm::ErrorList::ID;Defined DefinedKind
lib/libLLVMObject.a(SymbolicFile.cpp.o);lib/libLLVMSupport.a(Error.cpp.o);llvm::ErrorInfoBase::ID;Defined DefinedKind
lib/libLLVMObject.a(SymbolicFile.cpp.o);lib/libLLVMSupport.a(Error.cpp.o);llvm::errorCodeToError(std::error_code);Defined DefinedKind
lib/libLLVMObject.a(SymbolicFile.cpp.o);lib/libLLVMSupport.a(raw_ostream.cpp.o);llvm::raw_ostream::write(char const*, unsigned long);Defined DefinedKind
lib/libLLVMObject.a(SymbolicFile.cpp.o);lib/libLLVMBinaryFormat.a(Magic.cpp.o);llvm::identify_magic(llvm::StringRef);Defined DefinedKind
lib/libLLVMObject.a(SymbolSize.cpp.o);lib/libLLVMObject.a(MachOObjectFile.cpp.o);llvm::object::MachOObjectFile::getSectionID(llvm::object::SectionRef) const;Defined DefinedKind
lib/libLLVMObject.a(SymbolSize.cpp.o);lib/libLLVMObject.a(MachOObjectFile.cpp.o);llvm::object::MachOObjectFile::getSymbolSectionID(llvm::object::SymbolRef) const;Defined DefinedKind
lib/libLLVMObject.a(SymbolSize.cpp.o);lib/libLLVMObject.a(ObjectFile.cpp.o);llvm::object::ObjectFile::getSymbolValue(llvm::object::DataRefImpl) const;Defined DefinedKind
lib/libLLVMObject.a(SymbolSize.cpp.o);lib/libLLVMObject.a(COFFObjectFile.cpp.o);llvm::object::COFFObjectFile::getSymbolSectionID(llvm::object::SymbolRef) const;Defined DefinedKind
lib/libLLVMObject.a(SymbolSize.cpp.o);lib/libLLVMObject.a(COFFObjectFile.cpp.o);llvm::object::COFFObjectFile::getSectionID(llvm::object::SectionRef) const;Defined DefinedKind
lib/libLLVMObject.a(SymbolSize.cpp.o);lib/libLLVMObject.a(WasmObjectFile.cpp.o);llvm::object::WasmObjectFile::getSymbolSectionId(llvm::object::SymbolRef) const;Defined DefinedKind
lib/libLLVMObject.a(SymbolSize.cpp.o);lib/libLLVMObject.a(XCOFFObjectFile.cpp.o);llvm::object::XCOFFObjectFile::getSymbolSectionID(llvm::object::SymbolRef) const;Defined DefinedKind
lib/libLLVMObject.a(SymbolSize.cpp.o);lib/libLLVMSupport.a(Error.cpp.o);llvm::report_fatal_error(llvm::Error, bool);Defined DefinedKind
lib/libLLVMObject.a(TapiUniversal.cpp.o);lib/libLLVMObject.a(Binary.cpp.o);llvm::object::Binary::~Binary();Defined DefinedKind
lib/libLLVMObject.a(TapiUniversal.cpp.o);lib/libLLVMObject.a(Binary.cpp.o);llvm::object::Binary::getMemoryBufferRef() const;Defined DefinedKind
lib/libLLVMObject.a(TapiUniversal.cpp.o);lib/libLLVMObject.a(Binary.cpp.o);llvm::object::Binary::Binary(unsigned int, llvm::MemoryBufferRef);Defined DefinedKind
lib/libLLVMObject.a(TapiUniversal.cpp.o);lib/libLLVMSupport.a(MemAlloc.cpp.o);llvm::deallocate_buffer(void*, unsigned long, unsigned long);Defined DefinedKind
lib/libLLVMObject.a(TapiUniversal.cpp.o);lib/libLLVMTextAPI.a(Target.cpp.o);llvm::MachO::mapToArchitectureSet(llvm::ArrayRef<llvm::MachO::Target>);Defined DefinedKind
lib/libLLVMObject.a(TapiUniversal.cpp.o);lib/libLLVMTextAPI.a(TextStub.cpp.o);llvm::MachO::TextAPIReader::get(llvm::MemoryBufferRef);Defined DefinedKind
lib/libLLVMObject.a(TapiFile.cpp.o);lib/libLLVMObject.a(SymbolicFile.cpp.o);llvm::object::SymbolicFile::~SymbolicFile();Defined DefinedKind
lib/libLLVMObject.a(TapiFile.cpp.o);lib/libLLVMObject.a(SymbolicFile.cpp.o);llvm::object::SymbolicFile::SymbolicFile(unsigned int, llvm::MemoryBufferRef);Defined DefinedKind
lib/libLLVMObject.a(TapiFile.cpp.o);lib/libLLVMSupport.a(raw_ostream.cpp.o);llvm::raw_ostream::write(char const*, unsigned long);Defined DefinedKind
lib/libLLVMObject.a(TapiFile.cpp.o);lib/libLLVMTextAPI.a(Target.cpp.o);llvm::MachO::mapToArchitectureSet(llvm::ArrayRef<llvm::MachO::Target>);Defined DefinedKind
lib/libLLVMObject.a(TapiFile.cpp.o);lib/libLLVMTextAPI.a(Target.cpp.o);llvm::MachO::mapToPlatformSet(llvm::ArrayRef<llvm::MachO::Target>);Defined DefinedKind
lib/libLLVMObject.a(WasmObjectFile.cpp.o);lib/libLLVMObject.a(Binary.cpp.o);llvm::object::Binary::getData() const;Defined DefinedKind
lib/libLLVMObject.a(WasmObjectFile.cpp.o);lib/libLLVMObject.a(Error.cpp.o);llvm::object::object_category();Defined DefinedKind
lib/libLLVMObject.a(WasmObjectFile.cpp.o);lib/libLLVMObject.a(Error.cpp.o);llvm::object::GenericBinaryError::GenericBinaryError(llvm::Twine const&, llvm::object::object_error);Defined DefinedKind
lib/libLLVMObject.a(WasmObjectFile.cpp.o);lib/libLLVMObject.a(Error.cpp.o);llvm::object::GenericBinaryError::GenericBinaryError(llvm::Twine const&);Defined DefinedKind
lib/libLLVMObject.a(WasmObjectFile.cpp.o);lib/libLLVMObject.a(ObjectFile.cpp.o);llvm::object::ObjectFile::getRelocatedSection(llvm::object::DataRefImpl) const;Defined DefinedKind
lib/libLLVMObject.a(WasmObjectFile.cpp.o);lib/libLLVMObject.a(ObjectFile.cpp.o);llvm::object::ObjectFile::getSymbolValue(llvm::object::DataRefImpl) const;Defined DefinedKind
lib/libLLVMObject.a(WasmObjectFile.cpp.o);lib/libLLVMObject.a(ObjectFile.cpp.o);llvm::object::ObjectFile::isDebugSection(llvm::object::DataRefImpl) const;Defined DefinedKind
lib/libLLVMObject.a(WasmObjectFile.cpp.o);lib/libLLVMObject.a(ObjectFile.cpp.o);llvm::object::ObjectFile::isBerkeleyData(llvm::object::DataRefImpl) const;Defined DefinedKind
lib/libLLVMObject.a(WasmObjectFile.cpp.o);lib/libLLVMObject.a(ObjectFile.cpp.o);llvm::object::ObjectFile::isBerkeleyText(llvm::object::DataRefImpl) const;Defined DefinedKind
lib/libLLVMObject.a(WasmObjectFile.cpp.o);lib/libLLVMObject.a(ObjectFile.cpp.o);llvm::object::ObjectFile::isSectionStripped(llvm::object::DataRefImpl) const;Defined DefinedKind
lib/libLLVMObject.a(WasmObjectFile.cpp.o);lib/libLLVMObject.a(ObjectFile.cpp.o);llvm::object::ObjectFile::isSectionBitcode(llvm::object::DataRefImpl) const;Defined DefinedKind
lib/libLLVMObject.a(WasmObjectFile.cpp.o);lib/libLLVMObject.a(ObjectFile.cpp.o);llvm::object::ObjectFile::anchor();Defined DefinedKind
lib/libLLVMObject.a(WasmObjectFile.cpp.o);lib/libLLVMObject.a(ObjectFile.cpp.o);llvm::object::ObjectFile::printSymbolName(llvm::raw_ostream&, llvm::object::DataRefImpl) const;Defined DefinedKind
lib/libLLVMObject.a(WasmObjectFile.cpp.o);lib/libLLVMObject.a(ObjectFile.cpp.o);llvm::object::ObjectFile::ObjectFile(unsigned int, llvm::MemoryBufferRef);Defined DefinedKind
lib/libLLVMObject.a(WasmObjectFile.cpp.o);lib/libLLVMObject.a(SymbolicFile.cpp.o);llvm::object::SymbolicFile::~SymbolicFile();Defined DefinedKind
lib/libLLVMObject.a(WasmObjectFile.cpp.o);lib/libLLVMSupport.a(Error.cpp.o);llvm::StringError::StringError(llvm::Twine const&, std::error_code);Defined DefinedKind
lib/libLLVMObject.a(WasmObjectFile.cpp.o);lib/libLLVMSupport.a(Error.cpp.o);llvm::errorCodeToError(std::error_code);Defined DefinedKind
lib/libLLVMObject.a(WasmObjectFile.cpp.o);lib/libLLVMSupport.a(Error.cpp.o);llvm::createStringError(std::error_code, char const*);Defined DefinedKind
lib/libLLVMObject.a(WasmObjectFile.cpp.o);lib/libLLVMSupport.a(ErrorHandling.cpp.o);llvm::report_fatal_error(char const*, bool);Defined DefinedKind
lib/libLLVMObject.a(WasmObjectFile.cpp.o);lib/libLLVMSupport.a(MemAlloc.cpp.o);llvm::deallocate_buffer(void*, unsigned long, unsigned long);Defined DefinedKind
lib/libLLVMObject.a(WasmObjectFile.cpp.o);lib/libLLVMSupport.a(MemAlloc.cpp.o);llvm::allocate_buffer(unsigned long, unsigned long);Defined DefinedKind
lib/libLLVMObject.a(WasmObjectFile.cpp.o);lib/libLLVMSupport.a(StringMap.cpp.o);llvm::StringMapImpl::LookupBucketFor(llvm::StringRef);Defined DefinedKind
lib/libLLVMObject.a(WasmObjectFile.cpp.o);lib/libLLVMSupport.a(StringMap.cpp.o);llvm::StringMapImpl::RehashTable(unsigned int);Defined DefinedKind
lib/libLLVMObject.a(WasmObjectFile.cpp.o);lib/libLLVMSupport.a(Twine.cpp.o);llvm::Twine::print(llvm::raw_ostream&) const;Defined DefinedKind
lib/libLLVMObject.a(WasmObjectFile.cpp.o);lib/libLLVMSupport.a(raw_ostream.cpp.o);llvm::raw_string_ostream::~raw_string_ostream();Defined DefinedKind
lib/libLLVMObject.a(WasmObjectFile.cpp.o);lib/libLLVMSupport.a(raw_ostream.cpp.o);llvm::raw_ostream::flush_nonempty();Defined DefinedKind
lib/libLLVMObject.a(WasmObjectFile.cpp.o);lib/libLLVMSupport.a(raw_ostream.cpp.o);llvm::raw_ostream::SetBufferAndMode(char*, unsigned long, llvm::raw_ostream::BufferKind);Defined DefinedKind
lib/libLLVMObject.a(WasmObjectFile.cpp.o);lib/libLLVMSupport.a(raw_ostream.cpp.o);llvm::raw_ostream::operator<<(unsigned long);Defined DefinedKind
lib/libLLVMObject.a(WasmObjectFile.cpp.o);lib/libLLVMSupport.a(raw_ostream.cpp.o);llvm::raw_ostream::write(char const*, unsigned long);Defined DefinedKind
lib/libLLVMObject.a(WasmObjectFile.cpp.o);lib/libLLVMMC.a(SubtargetFeature.cpp.o);llvm::SubtargetFeatures::SubtargetFeatures(llvm::StringRef);Defined DefinedKind
lib/libLLVMObject.a(WindowsResource.cpp.o);lib/libLLVMObject.a(Binary.cpp.o);llvm::object::Binary::~Binary();Defined DefinedKind
lib/libLLVMObject.a(WindowsResource.cpp.o);lib/libLLVMObject.a(Binary.cpp.o);llvm::object::Binary::getFileName() const;Defined DefinedKind
lib/libLLVMObject.a(WindowsResource.cpp.o);lib/libLLVMObject.a(Binary.cpp.o);llvm::object::Binary::Binary(unsigned int, llvm::MemoryBufferRef);Defined DefinedKind
lib/libLLVMObject.a(WindowsResource.cpp.o);lib/libLLVMObject.a(Error.cpp.o);llvm::object::BinaryError::ID;Defined DefinedKind
lib/libLLVMObject.a(WindowsResource.cpp.o);lib/libLLVMObject.a(Error.cpp.o);llvm::object::BinaryError::anchor();Defined DefinedKind
lib/libLLVMObject.a(WindowsResource.cpp.o);lib/libLLVMObject.a(Error.cpp.o);llvm::object::GenericBinaryError::log(llvm::raw_ostream&) const;Defined DefinedKind
lib/libLLVMObject.a(WindowsResource.cpp.o);lib/libLLVMObject.a(Error.cpp.o);llvm::object::object_category();Defined DefinedKind
lib/libLLVMObject.a(WindowsResource.cpp.o);lib/libLLVMObject.a(Error.cpp.o);llvm::object::GenericBinaryError::GenericBinaryError(llvm::Twine const&, llvm::object::object_error);Defined DefinedKind
lib/libLLVMObject.a(WindowsResource.cpp.o);lib/libLLVMObject.a(Error.cpp.o);llvm::object::GenericBinaryError::GenericBinaryError(llvm::Twine const&, llvm::object::object_error);Defined DefinedKind
lib/libLLVMObject.a(WindowsResource.cpp.o);lib/libLLVMObject.a(Error.cpp.o);llvm::object::GenericBinaryError::ID;Defined DefinedKind
lib/libLLVMObject.a(WindowsResource.cpp.o);lib/libLLVMSupport.a(BinaryStreamError.cpp.o);llvm::BinaryStreamError::BinaryStreamError(llvm::stream_error_code);Defined DefinedKind
lib/libLLVMObject.a(WindowsResource.cpp.o);lib/libLLVMSupport.a(Error.cpp.o);llvm::ECError::ID;Defined DefinedKind
lib/libLLVMObject.a(WindowsResource.cpp.o);lib/libLLVMSupport.a(Error.cpp.o);llvm::createStringError(std::error_code, char const*);Defined DefinedKind
lib/libLLVMObject.a(WindowsResource.cpp.o);lib/libLLVMSupport.a(Error.cpp.o);llvm::ErrorInfoBase::ID;Defined DefinedKind
lib/libLLVMObject.a(WindowsResource.cpp.o);lib/libLLVMSupport.a(Error.cpp.o);llvm::ErrorList::ID;Defined DefinedKind
lib/libLLVMObject.a(WindowsResource.cpp.o);lib/libLLVMSupport.a(FormatVariadic.cpp.o);llvm::detail::format_adapter::anchor();Defined DefinedKind
lib/libLLVMObject.a(WindowsResource.cpp.o);lib/libLLVMSupport.a(NativeFormatting.cpp.o);llvm::isPrefixedHexStyle(llvm::HexPrintStyle);Defined DefinedKind
lib/libLLVMObject.a(WindowsResource.cpp.o);lib/libLLVMSupport.a(NativeFormatting.cpp.o);llvm::write_hex(llvm::raw_ostream&, unsigned long, llvm::HexPrintStyle, llvm::Optional<unsigned long>);Defined DefinedKind
lib/libLLVMObject.a(WindowsResource.cpp.o);lib/libLLVMSupport.a(StringRef.cpp.o);llvm::consumeUnsignedInteger(llvm::StringRef&, unsigned int, unsigned long long&);Defined DefinedKind
lib/libLLVMObject.a(WindowsResource.cpp.o);lib/libLLVMSupport.a(StringRef.cpp.o);llvm::StringRef::startswith_lower(llvm::StringRef) const;Defined DefinedKind
lib/libLLVMObject.a(WindowsResource.cpp.o);lib/libLLVMSupport.a(Twine.cpp.o);llvm::Twine::str[abi:cxx11]() const;Defined DefinedKind
lib/libLLVMObject.a(WindowsResource.cpp.o);lib/libLLVMSupport.a(raw_ostream.cpp.o);llvm::raw_ostream::operator<<(unsigned long);Defined DefinedKind
lib/libLLVMObject.a(WindowsResource.cpp.o);lib/libLLVMSupport.a(raw_ostream.cpp.o);llvm::raw_ostream::write(unsigned char);Defined DefinedKind
lib/libLLVMObject.a(WindowsResource.cpp.o);lib/libLLVMSupport.a(raw_ostream.cpp.o);llvm::raw_ostream::operator<<(llvm::formatv_object_base const&);Defined DefinedKind
lib/libLLVMObject.a(WindowsResource.cpp.o);lib/libLLVMSupport.a(raw_ostream.cpp.o);llvm::raw_ostream::~raw_ostream();Defined DefinedKind
lib/libLLVMObject.a(WindowsResource.cpp.o);lib/libLLVMSupport.a(raw_ostream.cpp.o);llvm::raw_ostream::write(char const*, unsigned long);Defined DefinedKind
lib/libLLVMObject.a(WindowsResource.cpp.o);lib/libLLVMSupport.a(raw_ostream.cpp.o);llvm::raw_ostream::operator<<(long);Defined DefinedKind
lib/libLLVMObject.a(WindowsResource.cpp.o);lib/libLLVMSupport.a(raw_ostream.cpp.o);llvm::raw_ostream::SetBufferAndMode(char*, unsigned long, llvm::raw_ostream::BufferKind);Defined DefinedKind
lib/libLLVMObject.a(WindowsResource.cpp.o);lib/libLLVMSupport.a(raw_ostream.cpp.o);llvm::raw_ostream::flush_nonempty();Defined DefinedKind
lib/libLLVMObject.a(WindowsResource.cpp.o);lib/libLLVMSupport.a(raw_ostream.cpp.o);llvm::raw_string_ostream::~raw_string_ostream();Defined DefinedKind
lib/libLLVMObject.a(XCOFFObjectFile.cpp.o);lib/libLLVMObject.a(Error.cpp.o);llvm::object::object_category();Defined DefinedKind
lib/libLLVMObject.a(XCOFFObjectFile.cpp.o);lib/libLLVMObject.a(Error.cpp.o);llvm::object::GenericBinaryError::GenericBinaryError(llvm::Twine const&, llvm::object::object_error);Defined DefinedKind
lib/libLLVMObject.a(XCOFFObjectFile.cpp.o);lib/libLLVMObject.a(ObjectFile.cpp.o);llvm::object::ObjectFile::getRelocatedSection(llvm::object::DataRefImpl) const;Defined DefinedKind
lib/libLLVMObject.a(XCOFFObjectFile.cpp.o);lib/libLLVMObject.a(ObjectFile.cpp.o);llvm::object::ObjectFile::isBerkeleyData(llvm::object::DataRefImpl) const;Defined DefinedKind
lib/libLLVMObject.a(XCOFFObjectFile.cpp.o);lib/libLLVMObject.a(ObjectFile.cpp.o);llvm::object::ObjectFile::isBerkeleyText(llvm::object::DataRefImpl) const;Defined DefinedKind
lib/libLLVMObject.a(XCOFFObjectFile.cpp.o);lib/libLLVMObject.a(ObjectFile.cpp.o);llvm::object::ObjectFile::isSectionStripped(llvm::object::DataRefImpl) const;Defined DefinedKind
lib/libLLVMObject.a(XCOFFObjectFile.cpp.o);lib/libLLVMObject.a(ObjectFile.cpp.o);llvm::object::ObjectFile::ObjectFile(unsigned int, llvm::MemoryBufferRef);Defined DefinedKind
lib/libLLVMObject.a(XCOFFObjectFile.cpp.o);lib/libLLVMObject.a(ObjectFile.cpp.o);llvm::object::ObjectFile::isSectionBitcode(llvm::object::DataRefImpl) const;Defined DefinedKind
lib/libLLVMObject.a(XCOFFObjectFile.cpp.o);lib/libLLVMObject.a(ObjectFile.cpp.o);llvm::object::ObjectFile::getSymbolAlignment(llvm::object::DataRefImpl) const;Defined DefinedKind
lib/libLLVMObject.a(XCOFFObjectFile.cpp.o);lib/libLLVMObject.a(ObjectFile.cpp.o);llvm::object::ObjectFile::anchor();Defined DefinedKind
lib/libLLVMObject.a(XCOFFObjectFile.cpp.o);lib/libLLVMObject.a(ObjectFile.cpp.o);llvm::object::ObjectFile::printSymbolName(llvm::raw_ostream&, llvm::object::DataRefImpl) const;Defined DefinedKind
lib/libLLVMObject.a(XCOFFObjectFile.cpp.o);lib/libLLVMObject.a(SymbolicFile.cpp.o);llvm::object::SymbolicFile::~SymbolicFile();Defined DefinedKind
lib/libLLVMObject.a(XCOFFObjectFile.cpp.o);lib/libLLVMSupport.a(DataExtractor.cpp.o);llvm::DataExtractor::getU8(unsigned long*, llvm::Error*) const;Defined DefinedKind
lib/libLLVMObject.a(XCOFFObjectFile.cpp.o);lib/libLLVMSupport.a(DataExtractor.cpp.o);llvm::DataExtractor::getU32(unsigned long*, llvm::Error*) const;Defined DefinedKind
lib/libLLVMObject.a(XCOFFObjectFile.cpp.o);lib/libLLVMSupport.a(Error.cpp.o);llvm::ErrorInfoBase::ID;Defined DefinedKind
lib/libLLVMObject.a(XCOFFObjectFile.cpp.o);lib/libLLVMSupport.a(Error.cpp.o);llvm::ErrorList::ID;Defined DefinedKind
lib/libLLVMObject.a(XCOFFObjectFile.cpp.o);lib/libLLVMSupport.a(Error.cpp.o);llvm::createStringError(std::error_code, char const*);Defined DefinedKind
lib/libLLVMObject.a(XCOFFObjectFile.cpp.o);lib/libLLVMSupport.a(Error.cpp.o);llvm::errorCodeToError(std::error_code);Defined DefinedKind
lib/libLLVMObject.a(XCOFFObjectFile.cpp.o);lib/libLLVMSupport.a(ErrorHandling.cpp.o);llvm::report_fatal_error(char const*, bool);Defined DefinedKind
lib/libLLVMObject.a(XCOFFObjectFile.cpp.o);lib/libLLVMSupport.a(Twine.cpp.o);llvm::Twine::str[abi:cxx11]() const;Defined DefinedKind
lib/libLLVMObject.a(XCOFFObjectFile.cpp.o);lib/libLLVMMC.a(SubtargetFeature.cpp.o);llvm::SubtargetFeatures::SubtargetFeatures(llvm::StringRef);Defined DefinedKind
lib/libLLVMObject.a(XCOFFObjectFile.cpp.o);lib/libLLVMBinaryFormat.a(XCOFF.cpp.o);llvm::XCOFF::getRelocationTypeString(llvm::XCOFF::RelocationType);Defined DefinedKind
lib/libLLVMSupport.a(ARMAttributeParser.cpp.o);lib/libLLVMSupport.a(DataExtractor.cpp.o);llvm::DataExtractor::getULEB128(unsigned long*, llvm::Error*) const;Defined DefinedKind
lib/libLLVMSupport.a(ARMAttributeParser.cpp.o);lib/libLLVMSupport.a(DataExtractor.cpp.o);llvm::DataExtractor::getCStrRef(unsigned long*, llvm::Error*) const;Defined DefinedKind
lib/libLLVMSupport.a(ARMAttributeParser.cpp.o);lib/libLLVMSupport.a(ELFAttributeParser.cpp.o);llvm::ELFAttributeParser::parseStringAttribute(char const*, unsigned int, llvm::ArrayRef<char const*>);Defined DefinedKind
lib/libLLVMSupport.a(ARMAttributeParser.cpp.o);lib/libLLVMSupport.a(ELFAttributeParser.cpp.o);llvm::ELFAttributeParser::printAttribute(unsigned int, unsigned int, llvm::StringRef);Defined DefinedKind
lib/libLLVMSupport.a(ARMAttributeParser.cpp.o);lib/libLLVMSupport.a(ELFAttributes.cpp.o);llvm::ELFAttrs::attrTypeAsString(unsigned int, llvm::ArrayRef<llvm::TagNameItem>, bool);Defined DefinedKind
lib/libLLVMSupport.a(ARMAttributeParser.cpp.o);lib/libLLVMSupport.a(raw_ostream.cpp.o);llvm::raw_ostream::write(char const*, unsigned long);Defined DefinedKind
lib/libLLVMSupport.a(ARMAttributeParser.cpp.o);lib/libLLVMSupport.a(raw_ostream.cpp.o);llvm::raw_ostream::operator<<(unsigned long);Defined DefinedKind
lib/libLLVMSupport.a(ARMAttributeParser.cpp.o);lib/libLLVMSupport.a(raw_ostream.cpp.o);llvm::raw_ostream::write(unsigned char);Defined DefinedKind
lib/libLLVMSupport.a(BinaryStreamError.cpp.o);lib/libLLVMSupport.a(Error.cpp.o);llvm::ErrorInfoBase::ID;Defined DefinedKind
lib/libLLVMSupport.a(BinaryStreamError.cpp.o);lib/libLLVMSupport.a(Error.cpp.o);llvm::inconvertibleErrorCode();Defined DefinedKind
lib/libLLVMSupport.a(BinaryStreamError.cpp.o);lib/libLLVMSupport.a(Error.cpp.o);llvm::ErrorInfoBase::anchor();Defined DefinedKind
lib/libLLVMSupport.a(BinaryStreamError.cpp.o);lib/libLLVMSupport.a(raw_ostream.cpp.o);llvm::raw_ostream::write(char const*, unsigned long);Defined DefinedKind
lib/libLLVMSupport.a(BinaryStreamError.cpp.o);lib/libLLVMSupport.a(raw_ostream.cpp.o);llvm::raw_ostream::SetBufferAndMode(char*, unsigned long, llvm::raw_ostream::BufferKind);Defined DefinedKind
lib/libLLVMSupport.a(BinaryStreamError.cpp.o);lib/libLLVMSupport.a(raw_ostream.cpp.o);llvm::raw_ostream::flush_nonempty();Defined DefinedKind
lib/libLLVMSupport.a(BinaryStreamError.cpp.o);lib/libLLVMSupport.a(raw_ostream.cpp.o);llvm::raw_string_ostream::~raw_string_ostream();Defined DefinedKind
lib/libLLVMSupport.a(BinaryStreamReader.cpp.o);lib/libLLVMSupport.a(BinaryStreamError.cpp.o);llvm::BinaryStreamError::BinaryStreamError(llvm::stream_error_code);Defined DefinedKind
lib/libLLVMSupport.a(BinaryStreamReader.cpp.o);lib/libLLVMSupport.a(Error.cpp.o);llvm::ErrorList::ID;Defined DefinedKind
lib/libLLVMSupport.a(BinaryStreamReader.cpp.o);lib/libLLVMSupport.a(Error.cpp.o);llvm::ErrorInfoBase::ID;Defined DefinedKind
lib/libLLVMSupport.a(BinaryStreamRef.cpp.o);lib/libLLVMSupport.a(BinaryStreamError.cpp.o);llvm::BinaryStreamError::BinaryStreamError(llvm::stream_error_code);Defined DefinedKind
lib/libLLVMSupport.a(CommandLine.cpp.o);lib/libLLVMSupport.a(ConvertUTFWrapper.cpp.o);llvm::convertUTF16ToUTF8String(llvm::ArrayRef<char>, std::__cxx11::basic_string<char, std::char_traits<char>, std::allocator<char> >&);Defined DefinedKind
lib/libLLVMSupport.a(CommandLine.cpp.o);lib/libLLVMSupport.a(ConvertUTFWrapper.cpp.o);llvm::hasUTF16ByteOrderMark(llvm::ArrayRef<char>);Defined DefinedKind
lib/libLLVMSupport.a(CommandLine.cpp.o);lib/libLLVMSupport.a(Error.cpp.o);llvm::ErrorInfoBase::ID;Defined DefinedKind
lib/libLLVMSupport.a(CommandLine.cpp.o);lib/libLLVMSupport.a(Error.cpp.o);llvm::ErrorList::ID;Defined DefinedKind
lib/libLLVMSupport.a(CommandLine.cpp.o);lib/libLLVMSupport.a(Error.cpp.o);llvm::createStringError(std::error_code, char const*);Defined DefinedKind
lib/libLLVMSupport.a(CommandLine.cpp.o);lib/libLLVMSupport.a(Error.cpp.o);llvm::errorCodeToError(std::error_code);Defined DefinedKind
lib/libLLVMSupport.a(CommandLine.cpp.o);lib/libLLVMSupport.a(ErrorHandling.cpp.o);llvm::report_fatal_error(char const*, bool);Defined DefinedKind
lib/libLLVMSupport.a(CommandLine.cpp.o);lib/libLLVMSupport.a(ManagedStatic.cpp.o);llvm::ManagedStaticBase::RegisterManagedStatic(void* (*)(), void (*)(void*)) const;Defined DefinedKind
lib/libLLVMSupport.a(CommandLine.cpp.o);lib/libLLVMSupport.a(MemAlloc.cpp.o);llvm::deallocate_buffer(void*, unsigned long, unsigned long);Defined DefinedKind
lib/libLLVMSupport.a(CommandLine.cpp.o);lib/libLLVMSupport.a(MemAlloc.cpp.o);llvm::allocate_buffer(unsigned long, unsigned long);Defined DefinedKind
lib/libLLVMSupport.a(CommandLine.cpp.o);lib/libLLVMSupport.a(SmallPtrSet.cpp.o);llvm::SmallPtrSetImplBase::shrink_and_clear();Defined DefinedKind
lib/libLLVMSupport.a(CommandLine.cpp.o);lib/libLLVMSupport.a(SmallPtrSet.cpp.o);llvm::SmallPtrSetImplBase::CopyFrom(llvm::SmallPtrSetImplBase const&);Defined DefinedKind
lib/libLLVMSupport.a(CommandLine.cpp.o);lib/libLLVMSupport.a(SmallPtrSet.cpp.o);llvm::SmallPtrSetImplBase::insert_imp_big(void const*);Defined DefinedKind
lib/libLLVMSupport.a(CommandLine.cpp.o);lib/libLLVMSupport.a(SmallPtrSet.cpp.o);llvm::SmallPtrSetImplBase::FindBucketFor(void const*) const;Defined DefinedKind
lib/libLLVMSupport.a(CommandLine.cpp.o);lib/libLLVMSupport.a(StringMap.cpp.o);llvm::StringMapImpl::LookupBucketFor(llvm::StringRef);Defined DefinedKind
lib/libLLVMSupport.a(CommandLine.cpp.o);lib/libLLVMSupport.a(StringMap.cpp.o);llvm::StringMapImpl::RehashTable(unsigned int);Defined DefinedKind
lib/libLLVMSupport.a(CommandLine.cpp.o);lib/libLLVMSupport.a(StringMap.cpp.o);llvm::StringMapImpl::FindKey(llvm::StringRef) const;Defined DefinedKind
lib/libLLVMSupport.a(CommandLine.cpp.o);lib/libLLVMSupport.a(StringMap.cpp.o);llvm::StringMapImpl::RemoveKey(llvm::StringMapEntryBase*);Defined DefinedKind
lib/libLLVMSupport.a(CommandLine.cpp.o);lib/libLLVMSupport.a(StringSaver.cpp.o);llvm::StringSaver::save(llvm::StringRef);Defined DefinedKind
lib/libLLVMSupport.a(CommandLine.cpp.o);lib/libLLVMSupport.a(StringRef.cpp.o);llvm::getAsUnsignedInteger(llvm::StringRef, unsigned int, unsigned long long&);Defined DefinedKind
lib/libLLVMSupport.a(CommandLine.cpp.o);lib/libLLVMSupport.a(StringRef.cpp.o);llvm::StringRef::find(llvm::StringRef, unsigned long) const;Defined DefinedKind
lib/libLLVMSupport.a(CommandLine.cpp.o);lib/libLLVMSupport.a(StringRef.cpp.o);llvm::StringRef::edit_distance(llvm::StringRef, bool, unsigned int) const;Defined DefinedKind
lib/libLLVMSupport.a(CommandLine.cpp.o);lib/libLLVMSupport.a(StringRef.cpp.o);llvm::getAsSignedInteger(llvm::StringRef, unsigned int, long long&);Defined DefinedKind
lib/libLLVMSupport.a(CommandLine.cpp.o);lib/libLLVMSupport.a(Triple.cpp.o);llvm::Triple::Triple(llvm::Twine const&);Defined DefinedKind
lib/libLLVMSupport.a(CommandLine.cpp.o);lib/libLLVMSupport.a(Twine.cpp.o);llvm::Twine::print(llvm::raw_ostream&) const;Defined DefinedKind
lib/libLLVMSupport.a(CommandLine.cpp.o);lib/libLLVMSupport.a(Twine.cpp.o);llvm::Twine::str[abi:cxx11]() const;Defined DefinedKind
lib/libLLVMSupport.a(CommandLine.cpp.o);lib/libLLVMSupport.a(Twine.cpp.o);llvm::Twine::toNullTerminatedStringRef(llvm::SmallVectorImpl<char>&) const;Defined DefinedKind
lib/libLLVMSupport.a(CommandLine.cpp.o);lib/libLLVMSupport.a(VirtualFileSystem.cpp.o);llvm::vfs::getRealFileSystem();Defined DefinedKind
lib/libLLVMSupport.a(CommandLine.cpp.o);lib/libLLVMSupport.a(VirtualFileSystem.cpp.o);llvm::vfs::FileSystem::getBufferForFile(llvm::Twine const&, long, bool, bool);Defined DefinedKind
lib/libLLVMSupport.a(CommandLine.cpp.o);lib/libLLVMSupport.a(VirtualFileSystem.cpp.o);llvm::vfs::Status::equivalent(llvm::vfs::Status const&) const;Defined DefinedKind
lib/libLLVMSupport.a(CommandLine.cpp.o);lib/libLLVMSupport.a(raw_ostream.cpp.o);llvm::nulls();Defined DefinedKind
lib/libLLVMSupport.a(CommandLine.cpp.o);lib/libLLVMSupport.a(raw_ostream.cpp.o);llvm::raw_ostream::write(char const*, unsigned long);Defined DefinedKind
lib/libLLVMSupport.a(CommandLine.cpp.o);lib/libLLVMSupport.a(raw_ostream.cpp.o);llvm::raw_ostream::write(unsigned char);Defined DefinedKind
lib/libLLVMSupport.a(CommandLine.cpp.o);lib/libLLVMSupport.a(raw_ostream.cpp.o);llvm::raw_ostream::SetBufferAndMode(char*, unsigned long, llvm::raw_ostream::BufferKind);Defined DefinedKind
lib/libLLVMSupport.a(CommandLine.cpp.o);lib/libLLVMSupport.a(raw_ostream.cpp.o);llvm::raw_ostream::operator<<(long);Defined DefinedKind
lib/libLLVMSupport.a(CommandLine.cpp.o);lib/libLLVMSupport.a(raw_ostream.cpp.o);llvm::raw_string_ostream::~raw_string_ostream();Defined DefinedKind
lib/libLLVMSupport.a(CommandLine.cpp.o);lib/libLLVMSupport.a(raw_ostream.cpp.o);llvm::raw_ostream::operator<<(long long);Defined DefinedKind
lib/libLLVMSupport.a(CommandLine.cpp.o);lib/libLLVMSupport.a(raw_ostream.cpp.o);llvm::raw_ostream::operator<<(unsigned long);Defined DefinedKind
lib/libLLVMSupport.a(CommandLine.cpp.o);lib/libLLVMSupport.a(raw_ostream.cpp.o);llvm::raw_ostream::operator<<(unsigned long long);Defined DefinedKind
lib/libLLVMSupport.a(CommandLine.cpp.o);lib/libLLVMSupport.a(raw_ostream.cpp.o);llvm::raw_ostream::operator<<(double);Defined DefinedKind
lib/libLLVMSupport.a(CommandLine.cpp.o);lib/libLLVMSupport.a(raw_ostream.cpp.o);llvm::raw_ostream::indent(unsigned int);Defined DefinedKind
lib/libLLVMSupport.a(CommandLine.cpp.o);lib/libLLVMSupport.a(raw_ostream.cpp.o);llvm::outs();Defined DefinedKind
lib/libLLVMSupport.a(CommandLine.cpp.o);lib/libLLVMSupport.a(raw_ostream.cpp.o);llvm::errs();Defined DefinedKind
lib/libLLVMSupport.a(CommandLine.cpp.o);lib/libLLVMSupport.a(Host.cpp.o);llvm::sys::getHostCPUName();Defined DefinedKind
lib/libLLVMSupport.a(CommandLine.cpp.o);lib/libLLVMSupport.a(Host.cpp.o);llvm::sys::getDefaultTargetTriple[abi:cxx11]();Defined DefinedKind
lib/libLLVMSupport.a(CommandLine.cpp.o);lib/libLLVMSupport.a(Host.cpp.o);llvm::sys::getProcessTriple[abi:cxx11]();Defined DefinedKind
lib/libLLVMSupport.a(CommandLine.cpp.o);lib/libLLVMSupport.a(Path.cpp.o);llvm::sys::fs::current_path(llvm::SmallVectorImpl<char>&);Defined DefinedKind
lib/libLLVMSupport.a(CommandLine.cpp.o);lib/libLLVMSupport.a(Path.cpp.o);llvm::sys::path::parent_path(llvm::StringRef, llvm::sys::path::Style);Defined DefinedKind
lib/libLLVMSupport.a(CommandLine.cpp.o);lib/libLLVMSupport.a(Path.cpp.o);llvm::sys::path::filename(llvm::StringRef, llvm::sys::path::Style);Defined DefinedKind
lib/libLLVMSupport.a(CommandLine.cpp.o);lib/libLLVMSupport.a(Path.cpp.o);llvm::sys::path::is_relative(llvm::Twine const&, llvm::sys::path::Style);Defined DefinedKind
lib/libLLVMSupport.a(CommandLine.cpp.o);lib/libLLVMSupport.a(Path.cpp.o);llvm::sys::path::append(llvm::SmallVectorImpl<char>&, llvm::Twine const&, llvm::Twine const&, llvm::Twine const&, llvm::Twine const&);Defined DefinedKind
lib/libLLVMSupport.a(CommandLine.cpp.o);lib/libLLVMSupport.a(Process.cpp.o);llvm::sys::Process::GetEnv[abi:cxx11](llvm::StringRef);Defined DefinedKind
lib/libLLVMSupport.a(ConvertUTFWrapper.cpp.o);lib/libLLVMSupport.a(ConvertUTF.cpp.o);llvm::ConvertUTF8toUTF32(unsigned char const**, unsigned char const*, unsigned int**, unsigned int*, llvm::ConversionFlags);Defined DefinedKind
lib/libLLVMSupport.a(ConvertUTFWrapper.cpp.o);lib/libLLVMSupport.a(ConvertUTF.cpp.o);llvm::ConvertUTF16toUTF8(unsigned short const**, unsigned short const*, unsigned char**, unsigned char*, llvm::ConversionFlags);Defined DefinedKind
lib/libLLVMSupport.a(DataExtractor.cpp.o);lib/libLLVMSupport.a(Error.cpp.o);llvm::StringError::StringError(llvm::Twine const&, std::error_code);Defined DefinedKind
lib/libLLVMSupport.a(DataExtractor.cpp.o);lib/libLLVMSupport.a(StringRef.cpp.o);llvm::StringRef::find_first_not_of(llvm::StringRef, unsigned long) const;Defined DefinedKind
lib/libLLVMSupport.a(DataExtractor.cpp.o);lib/libLLVMSupport.a(StringRef.cpp.o);llvm::StringRef::find_last_not_of(llvm::StringRef, unsigned long) const;Defined DefinedKind
lib/libLLVMSupport.a(DataExtractor.cpp.o);lib/libLLVMSupport.a(raw_ostream.cpp.o);llvm::raw_ostream::SetBufferAndMode(char*, unsigned long, llvm::raw_ostream::BufferKind);Defined DefinedKind
lib/libLLVMSupport.a(DataExtractor.cpp.o);lib/libLLVMSupport.a(raw_ostream.cpp.o);llvm::raw_ostream::operator<<(llvm::format_object_base const&);Defined DefinedKind
lib/libLLVMSupport.a(DataExtractor.cpp.o);lib/libLLVMSupport.a(raw_ostream.cpp.o);llvm::raw_ostream::flush_nonempty();Defined DefinedKind
lib/libLLVMSupport.a(DataExtractor.cpp.o);lib/libLLVMSupport.a(raw_ostream.cpp.o);llvm::raw_string_ostream::~raw_string_ostream();Defined DefinedKind
lib/libLLVMSupport.a(DataExtractor.cpp.o);lib/libLLVMSupport.a(raw_ostream.cpp.o);llvm::format_object_base::home();Defined DefinedKind
lib/libLLVMSupport.a(ELFAttributeParser.cpp.o);lib/libLLVMSupport.a(DataExtractor.cpp.o);llvm::DataExtractor::getULEB128(unsigned long*, llvm::Error*) const;Defined DefinedKind
lib/libLLVMSupport.a(ELFAttributeParser.cpp.o);lib/libLLVMSupport.a(DataExtractor.cpp.o);llvm::DataExtractor::getCStrRef(unsigned long*, llvm::Error*) const;Defined DefinedKind
lib/libLLVMSupport.a(ELFAttributeParser.cpp.o);lib/libLLVMSupport.a(DataExtractor.cpp.o);llvm::DataExtractor::getU8(unsigned long*, llvm::Error*) const;Defined DefinedKind
lib/libLLVMSupport.a(ELFAttributeParser.cpp.o);lib/libLLVMSupport.a(DataExtractor.cpp.o);llvm::DataExtractor::getU32(unsigned long*, llvm::Error*) const;Defined DefinedKind
lib/libLLVMSupport.a(ELFAttributeParser.cpp.o);lib/libLLVMSupport.a(ELFAttributes.cpp.o);llvm::ELFAttrs::attrTypeAsString(unsigned int, llvm::ArrayRef<llvm::TagNameItem>, bool);Defined DefinedKind
lib/libLLVMSupport.a(ELFAttributeParser.cpp.o);lib/libLLVMSupport.a(Error.cpp.o);llvm::ErrorList::ID;Defined DefinedKind
lib/libLLVMSupport.a(ELFAttributeParser.cpp.o);lib/libLLVMSupport.a(Error.cpp.o);llvm::ErrorInfoBase::ID;Defined DefinedKind
lib/libLLVMSupport.a(ELFAttributeParser.cpp.o);lib/libLLVMSupport.a(Error.cpp.o);llvm::createStringError(std::error_code, char const*);Defined DefinedKind
lib/libLLVMSupport.a(ELFAttributeParser.cpp.o);lib/libLLVMSupport.a(ScopedPrinter.cpp.o);llvm::operator<<(llvm::raw_ostream&, llvm::HexNumber const&);Defined DefinedKind
lib/libLLVMSupport.a(ELFAttributeParser.cpp.o);lib/libLLVMSupport.a(StringRef.cpp.o);llvm::StringRef::lower[abi:cxx11]() const;Defined DefinedKind
lib/libLLVMSupport.a(ELFAttributeParser.cpp.o);lib/libLLVMSupport.a(Twine.cpp.o);llvm::Twine::str[abi:cxx11]() const;Defined DefinedKind
lib/libLLVMSupport.a(ELFAttributeParser.cpp.o);lib/libLLVMSupport.a(raw_ostream.cpp.o);llvm::raw_ostream::write(char const*, unsigned long);Defined DefinedKind
lib/libLLVMSupport.a(ELFAttributeParser.cpp.o);lib/libLLVMSupport.a(raw_ostream.cpp.o);llvm::raw_ostream::operator<<(unsigned long);Defined DefinedKind
lib/libLLVMSupport.a(ELFAttributeParser.cpp.o);lib/libLLVMSupport.a(raw_ostream.cpp.o);llvm::raw_ostream::write(unsigned char);Defined DefinedKind
lib/libLLVMSupport.a(Error.cpp.o);lib/libLLVMSupport.a(ErrorHandling.cpp.o);llvm::report_fatal_error(std::__cxx11::basic_string<char, std::char_traits<char>, std::allocator<char> > const&, bool);Defined DefinedKind
lib/libLLVMSupport.a(Error.cpp.o);lib/libLLVMSupport.a(ManagedStatic.cpp.o);llvm::ManagedStaticBase::RegisterManagedStatic(void* (*)(), void (*)(void*)) const;Defined DefinedKind
lib/libLLVMSupport.a(Error.cpp.o);lib/libLLVMSupport.a(Twine.cpp.o);llvm::Twine::str[abi:cxx11]() const;Defined DefinedKind
lib/libLLVMSupport.a(Error.cpp.o);lib/libLLVMSupport.a(Twine.cpp.o);llvm::Twine::print(llvm::raw_ostream&) const;Defined DefinedKind
lib/libLLVMSupport.a(Error.cpp.o);lib/libLLVMSupport.a(raw_ostream.cpp.o);llvm::raw_ostream::SetBufferAndMode(char*, unsigned long, llvm::raw_ostream::BufferKind);Defined DefinedKind
lib/libLLVMSupport.a(Error.cpp.o);lib/libLLVMSupport.a(raw_ostream.cpp.o);llvm::raw_ostream::flush_nonempty();Defined DefinedKind
lib/libLLVMSupport.a(Error.cpp.o);lib/libLLVMSupport.a(raw_ostream.cpp.o);llvm::raw_string_ostream::~raw_string_ostream();Defined DefinedKind
lib/libLLVMSupport.a(Error.cpp.o);lib/libLLVMSupport.a(raw_ostream.cpp.o);llvm::raw_ostream::write(char const*, unsigned long);Defined DefinedKind
lib/libLLVMSupport.a(Error.cpp.o);lib/libLLVMSupport.a(raw_ostream.cpp.o);llvm::raw_ostream::operator<<(unsigned long);Defined DefinedKind
lib/libLLVMSupport.a(ErrorHandling.cpp.o);lib/libLLVMSupport.a(Twine.cpp.o);llvm::Twine::str[abi:cxx11]() const;Defined DefinedKind
lib/libLLVMSupport.a(ErrorHandling.cpp.o);lib/libLLVMSupport.a(Twine.cpp.o);llvm::Twine::print(llvm::raw_ostream&) const;Defined DefinedKind
lib/libLLVMSupport.a(ErrorHandling.cpp.o);lib/libLLVMSupport.a(raw_ostream.cpp.o);llvm::raw_ostream::write(char const*, unsigned long);Defined DefinedKind
lib/libLLVMSupport.a(ErrorHandling.cpp.o);lib/libLLVMSupport.a(raw_ostream.cpp.o);llvm::raw_ostream::SetBufferAndMode(char*, unsigned long, llvm::raw_ostream::BufferKind);Defined DefinedKind
lib/libLLVMSupport.a(ErrorHandling.cpp.o);lib/libLLVMSupport.a(raw_ostream.cpp.o);llvm::raw_ostream::~raw_ostream();Defined DefinedKind
lib/libLLVMSupport.a(ErrorHandling.cpp.o);lib/libLLVMSupport.a(raw_ostream.cpp.o);llvm::raw_ostream::operator<<(unsigned long);Defined DefinedKind
lib/libLLVMSupport.a(ErrorHandling.cpp.o);lib/libLLVMSupport.a(Signals.cpp.o);llvm::sys::RunInterruptHandlers();Defined DefinedKind
lib/libLLVMSupport.a(Debug.cpp.o);lib/libLLVMSupport.a(ManagedStatic.cpp.o);llvm::ManagedStaticBase::RegisterManagedStatic(void* (*)(), void (*)(void*)) const;Defined DefinedKind
lib/libLLVMSupport.a(Debug.cpp.o);lib/libLLVMSupport.a(raw_ostream.cpp.o);llvm::errs();Defined DefinedKind
lib/libLLVMSupport.a(FormatVariadic.cpp.o);lib/libLLVMSupport.a(StringRef.cpp.o);llvm::consumeUnsignedInteger(llvm::StringRef&, unsigned int, unsigned long long&);Defined DefinedKind
lib/libLLVMSupport.a(FormatVariadic.cpp.o);lib/libLLVMSupport.a(StringRef.cpp.o);llvm::StringRef::find_first_not_of(llvm::StringRef, unsigned long) const;Defined DefinedKind
lib/libLLVMSupport.a(FormatVariadic.cpp.o);lib/libLLVMSupport.a(StringRef.cpp.o);llvm::StringRef::find_last_not_of(llvm::StringRef, unsigned long) const;Defined DefinedKind
lib/libLLVMSupport.a(InitLLVM.cpp.o);lib/libLLVMSupport.a(ErrorHandling.cpp.o);llvm::install_out_of_memory_new_handler();Defined DefinedKind
lib/libLLVMSupport.a(InitLLVM.cpp.o);lib/libLLVMSupport.a(ManagedStatic.cpp.o);llvm::llvm_shutdown();Defined DefinedKind
lib/libLLVMSupport.a(InitLLVM.cpp.o);lib/libLLVMSupport.a(MemAlloc.cpp.o);llvm::deallocate_buffer(void*, unsigned long, unsigned long);Defined DefinedKind
lib/libLLVMSupport.a(InitLLVM.cpp.o);lib/libLLVMSupport.a(PrettyStackTrace.cpp.o);llvm::PrettyStackTraceEntry::PrettyStackTraceEntry();Defined DefinedKind
lib/libLLVMSupport.a(InitLLVM.cpp.o);lib/libLLVMSupport.a(PrettyStackTrace.cpp.o);llvm::EnablePrettyStackTrace();Defined DefinedKind
lib/libLLVMSupport.a(InitLLVM.cpp.o);lib/libLLVMSupport.a(PrettyStackTrace.cpp.o);llvm::PrettyStackTraceEntry::~PrettyStackTraceEntry();Defined DefinedKind
lib/libLLVMSupport.a(InitLLVM.cpp.o);lib/libLLVMSupport.a(Signals.cpp.o);llvm::sys::PrintStackTraceOnErrorSignal(llvm::StringRef, bool);Defined DefinedKind
lib/libLLVMSupport.a(InitLLVM.cpp.o);lib/libLLVMSupport.a(Signals.cpp.o);llvm::sys::DefaultOneShotPipeSignalHandler();Defined DefinedKind
lib/libLLVMSupport.a(InitLLVM.cpp.o);lib/libLLVMSupport.a(Signals.cpp.o);llvm::sys::SetOneShotPipeSignalFunction(void (*)());Defined DefinedKind
lib/libLLVMSupport.a(ManagedStatic.cpp.o);lib/libLLVMSupport.a(Threading.cpp.o);llvm::llvm_is_multithreaded();Defined DefinedKind
lib/libLLVMSupport.a(MemoryBuffer.cpp.o);lib/libLLVMSupport.a(Error.cpp.o);llvm::errorToErrorCode(llvm::Error);Defined DefinedKind
lib/libLLVMSupport.a(MemoryBuffer.cpp.o);lib/libLLVMSupport.a(Error.cpp.o);llvm::ErrorList::ID;Defined DefinedKind
lib/libLLVMSupport.a(MemoryBuffer.cpp.o);lib/libLLVMSupport.a(Error.cpp.o);llvm::ErrorInfoBase::ID;Defined DefinedKind
lib/libLLVMSupport.a(MemoryBuffer.cpp.o);lib/libLLVMSupport.a(Twine.cpp.o);llvm::Twine::toVector(llvm::SmallVectorImpl<char>&) const;Defined DefinedKind
lib/libLLVMSupport.a(MemoryBuffer.cpp.o);lib/libLLVMSupport.a(Path.cpp.o);llvm::sys::fs::mapped_file_region::unmapImpl();Defined DefinedKind
lib/libLLVMSupport.a(MemoryBuffer.cpp.o);lib/libLLVMSupport.a(Path.cpp.o);llvm::sys::fs::status(int, llvm::sys::fs::file_status&);Defined DefinedKind
lib/libLLVMSupport.a(MemoryBuffer.cpp.o);lib/libLLVMSupport.a(Path.cpp.o);llvm::sys::fs::mapped_file_region::alignment();Defined DefinedKind
lib/libLLVMSupport.a(MemoryBuffer.cpp.o);lib/libLLVMSupport.a(Path.cpp.o);llvm::sys::fs::mapped_file_region::mapped_file_region(int, llvm::sys::fs::mapped_file_region::mapmode, unsigned long, unsigned long, std::error_code&);Defined DefinedKind
lib/libLLVMSupport.a(MemoryBuffer.cpp.o);lib/libLLVMSupport.a(Path.cpp.o);llvm::sys::fs::mapped_file_region::const_data() const;Defined DefinedKind
lib/libLLVMSupport.a(MemoryBuffer.cpp.o);lib/libLLVMSupport.a(Path.cpp.o);llvm::sys::fs::readNativeFile(int, llvm::MutableArrayRef<char>);Defined DefinedKind
lib/libLLVMSupport.a(MemoryBuffer.cpp.o);lib/libLLVMSupport.a(Path.cpp.o);llvm::sys::fs::getStdinHandle();Defined DefinedKind
lib/libLLVMSupport.a(MemoryBuffer.cpp.o);lib/libLLVMSupport.a(Path.cpp.o);llvm::sys::fs::openNativeFileForRead(llvm::Twine const&, llvm::sys::fs::OpenFlags, llvm::SmallVectorImpl<char>*);Defined DefinedKind
lib/libLLVMSupport.a(MemoryBuffer.cpp.o);lib/libLLVMSupport.a(Path.cpp.o);llvm::sys::fs::closeFile(int&);Defined DefinedKind
lib/libLLVMSupport.a(MemoryBuffer.cpp.o);lib/libLLVMSupport.a(Path.cpp.o);llvm::sys::fs::readNativeFileSlice(int, llvm::MutableArrayRef<char>, unsigned long);Defined DefinedKind
lib/libLLVMSupport.a(MemoryBuffer.cpp.o);lib/libLLVMSupport.a(Process.cpp.o);llvm::sys::Process::getPageSize();Defined DefinedKind
lib/libLLVMSupport.a(MemoryBuffer.cpp.o);lib/libLLVMSupport.a(Program.cpp.o);llvm::sys::ChangeStdinMode(llvm::sys::fs::OpenFlags);Defined DefinedKind
lib/libLLVMSupport.a(NativeFormatting.cpp.o);lib/libLLVMSupport.a(raw_ostream.cpp.o);llvm::raw_ostream::write(unsigned char);Defined DefinedKind
lib/libLLVMSupport.a(NativeFormatting.cpp.o);lib/libLLVMSupport.a(raw_ostream.cpp.o);llvm::raw_ostream::write(char const*, unsigned long);Defined DefinedKind
lib/libLLVMSupport.a(NativeFormatting.cpp.o);lib/libLLVMSupport.a(raw_ostream.cpp.o);llvm::raw_ostream::SetBufferAndMode(char*, unsigned long, llvm::raw_ostream::BufferKind);Defined DefinedKind
lib/libLLVMSupport.a(NativeFormatting.cpp.o);lib/libLLVMSupport.a(raw_ostream.cpp.o);llvm::raw_ostream::operator<<(unsigned long);Defined DefinedKind
lib/libLLVMSupport.a(NativeFormatting.cpp.o);lib/libLLVMSupport.a(raw_ostream.cpp.o);llvm::raw_ostream::~raw_ostream();Defined DefinedKind
lib/libLLVMSupport.a(PrettyStackTrace.cpp.o);lib/libLLVMSupport.a(raw_ostream.cpp.o);llvm::raw_ostream::write_escaped(llvm::StringRef, bool);Defined DefinedKind
lib/libLLVMSupport.a(PrettyStackTrace.cpp.o);lib/libLLVMSupport.a(raw_ostream.cpp.o);llvm::raw_ostream::write(unsigned char);Defined DefinedKind
lib/libLLVMSupport.a(PrettyStackTrace.cpp.o);lib/libLLVMSupport.a(raw_ostream.cpp.o);llvm::raw_ostream::write(char const*, unsigned long);Defined DefinedKind
lib/libLLVMSupport.a(PrettyStackTrace.cpp.o);lib/libLLVMSupport.a(raw_ostream.cpp.o);llvm::raw_ostream::operator<<(unsigned long);Defined DefinedKind
lib/libLLVMSupport.a(PrettyStackTrace.cpp.o);lib/libLLVMSupport.a(raw_ostream.cpp.o);llvm::raw_ostream::flush_nonempty();Defined DefinedKind
lib/libLLVMSupport.a(PrettyStackTrace.cpp.o);lib/libLLVMSupport.a(raw_ostream.cpp.o);llvm::errs();Defined DefinedKind
lib/libLLVMSupport.a(PrettyStackTrace.cpp.o);lib/libLLVMSupport.a(Signals.cpp.o);llvm::sys::AddSignalHandler(void (*)(void*), void*);Defined DefinedKind
lib/libLLVMSupport.a(PrettyStackTrace.cpp.o);lib/libLLVMSupport.a(Watchdog.cpp.o);llvm::sys::Watchdog::Watchdog(unsigned int);Defined DefinedKind
lib/libLLVMSupport.a(PrettyStackTrace.cpp.o);lib/libLLVMSupport.a(Watchdog.cpp.o);llvm::sys::Watchdog::~Watchdog();Defined DefinedKind
lib/libLLVMSupport.a(RISCVAttributeParser.cpp.o);lib/libLLVMSupport.a(DataExtractor.cpp.o);llvm::DataExtractor::getULEB128(unsigned long*, llvm::Error*) const;Defined DefinedKind
lib/libLLVMSupport.a(RISCVAttributeParser.cpp.o);lib/libLLVMSupport.a(ELFAttributeParser.cpp.o);llvm::ELFAttributeParser::parseStringAttribute(char const*, unsigned int, llvm::ArrayRef<char const*>);Defined DefinedKind
lib/libLLVMSupport.a(RISCVAttributeParser.cpp.o);lib/libLLVMSupport.a(ELFAttributeParser.cpp.o);llvm::ELFAttributeParser::printAttribute(unsigned int, unsigned int, llvm::StringRef);Defined DefinedKind
lib/libLLVMSupport.a(RISCVAttributeParser.cpp.o);lib/libLLVMSupport.a(ELFAttributeParser.cpp.o);llvm::ELFAttributeParser::stringAttribute(unsigned int);Defined DefinedKind
lib/libLLVMSupport.a(RISCVAttributeParser.cpp.o);lib/libLLVMSupport.a(ELFAttributeParser.cpp.o);llvm::ELFAttributeParser::integerAttribute(unsigned int);Defined DefinedKind
lib/libLLVMSupport.a(ScopedPrinter.cpp.o);lib/libLLVMSupport.a(raw_ostream.cpp.o);llvm::raw_ostream::SetBufferAndMode(char*, unsigned long, llvm::raw_ostream::BufferKind);Defined DefinedKind
lib/libLLVMSupport.a(ScopedPrinter.cpp.o);lib/libLLVMSupport.a(raw_ostream.cpp.o);llvm::raw_ostream::operator<<(llvm::FormattedNumber const&);Defined DefinedKind
lib/libLLVMSupport.a(ScopedPrinter.cpp.o);lib/libLLVMSupport.a(raw_ostream.cpp.o);llvm::raw_ostream::flush_nonempty();Defined DefinedKind
lib/libLLVMSupport.a(ScopedPrinter.cpp.o);lib/libLLVMSupport.a(raw_ostream.cpp.o);llvm::raw_string_ostream::~raw_string_ostream();Defined DefinedKind
lib/libLLVMSupport.a(ScopedPrinter.cpp.o);lib/libLLVMSupport.a(raw_ostream.cpp.o);llvm::raw_ostream::write(char const*, unsigned long);Defined DefinedKind
lib/libLLVMSupport.a(SmallPtrSet.cpp.o);lib/libLLVMSupport.a(ErrorHandling.cpp.o);llvm::report_bad_alloc_error(char const*, bool);Defined DefinedKind
lib/libLLVMSupport.a(SmallVector.cpp.o);lib/libLLVMSupport.a(ErrorHandling.cpp.o);llvm::report_bad_alloc_error(char const*, bool);Defined DefinedKind
lib/libLLVMSupport.a(SmallVector.cpp.o);lib/libLLVMSupport.a(ErrorHandling.cpp.o);llvm::report_fatal_error(std::__cxx11::basic_string<char, std::char_traits<char>, std::allocator<char> > const&, bool);Defined DefinedKind
lib/libLLVMSupport.a(SourceMgr.cpp.o);lib/libLLVMSupport.a(MemoryBuffer.cpp.o);llvm::MemoryBuffer::getFile(llvm::Twine const&, bool, bool, bool);Defined DefinedKind
lib/libLLVMSupport.a(SourceMgr.cpp.o);lib/libLLVMSupport.a(StringRef.cpp.o);llvm::StringRef::find_first_of(llvm::StringRef, unsigned long) const;Defined DefinedKind
lib/libLLVMSupport.a(SourceMgr.cpp.o);lib/libLLVMSupport.a(StringRef.cpp.o);llvm::StringRef::find_last_of(llvm::StringRef, unsigned long) const;Defined DefinedKind
lib/libLLVMSupport.a(SourceMgr.cpp.o);lib/libLLVMSupport.a(Twine.cpp.o);llvm::Twine::str[abi:cxx11]() const;Defined DefinedKind
lib/libLLVMSupport.a(SourceMgr.cpp.o);lib/libLLVMSupport.a(WithColor.cpp.o);llvm::WithColor::changeColor(llvm::raw_ostream::Colors, bool, bool);Defined DefinedKind
lib/libLLVMSupport.a(SourceMgr.cpp.o);lib/libLLVMSupport.a(WithColor.cpp.o);llvm::WithColor::~WithColor();Defined DefinedKind
lib/libLLVMSupport.a(SourceMgr.cpp.o);lib/libLLVMSupport.a(WithColor.cpp.o);llvm::WithColor::warning(llvm::raw_ostream&, llvm::StringRef, bool);Defined DefinedKind
lib/libLLVMSupport.a(SourceMgr.cpp.o);lib/libLLVMSupport.a(WithColor.cpp.o);llvm::WithColor::note(llvm::raw_ostream&, llvm::StringRef, bool);Defined DefinedKind
lib/libLLVMSupport.a(SourceMgr.cpp.o);lib/libLLVMSupport.a(WithColor.cpp.o);llvm::WithColor::error(llvm::raw_ostream&, llvm::StringRef, bool);Defined DefinedKind
lib/libLLVMSupport.a(SourceMgr.cpp.o);lib/libLLVMSupport.a(WithColor.cpp.o);llvm::WithColor::remark(llvm::raw_ostream&, llvm::StringRef, bool);Defined DefinedKind
lib/libLLVMSupport.a(SourceMgr.cpp.o);lib/libLLVMSupport.a(raw_ostream.cpp.o);llvm::raw_ostream::write(unsigned char);Defined DefinedKind
lib/libLLVMSupport.a(SourceMgr.cpp.o);lib/libLLVMSupport.a(raw_ostream.cpp.o);llvm::raw_ostream::write(char const*, unsigned long);Defined DefinedKind
lib/libLLVMSupport.a(SourceMgr.cpp.o);lib/libLLVMSupport.a(raw_ostream.cpp.o);llvm::raw_ostream::operator<<(unsigned long);Defined DefinedKind
lib/libLLVMSupport.a(SourceMgr.cpp.o);lib/libLLVMSupport.a(raw_ostream.cpp.o);llvm::raw_ostream::operator<<(long);Defined DefinedKind
lib/libLLVMSupport.a(SourceMgr.cpp.o);lib/libLLVMSupport.a(raw_ostream.cpp.o);llvm::errs();Defined DefinedKind
lib/libLLVMSupport.a(SourceMgr.cpp.o);lib/libLLVMSupport.a(Path.cpp.o);llvm::sys::path::get_separator(llvm::sys::path::Style);Defined DefinedKind
lib/libLLVMSupport.a(StringMap.cpp.o);lib/libLLVMSupport.a(ErrorHandling.cpp.o);llvm::report_bad_alloc_error(char const*, bool);Defined DefinedKind
lib/libLLVMSupport.a(StringSaver.cpp.o);lib/libLLVMSupport.a(MemAlloc.cpp.o);llvm::allocate_buffer(unsigned long, unsigned long);Defined DefinedKind
lib/libLLVMSupport.a(StringSaver.cpp.o);lib/libLLVMSupport.a(MemAlloc.cpp.o);llvm::deallocate_buffer(void*, unsigned long, unsigned long);Defined DefinedKind
lib/libLLVMSupport.a(StringSaver.cpp.o);lib/libLLVMSupport.a(StringRef.cpp.o);llvm::hash_value(llvm::StringRef);Defined DefinedKind
lib/libLLVMSupport.a(StringRef.cpp.o);lib/libLLVMSupport.a(Error.cpp.o);llvm::ErrorList::ID;Defined DefinedKind
lib/libLLVMSupport.a(StringRef.cpp.o);lib/libLLVMSupport.a(Error.cpp.o);llvm::ErrorInfoBase::ID;Defined DefinedKind
lib/libLLVMSupport.a(StringRef.cpp.o);lib/libLLVMSupport.a(APFloat.cpp.o);llvm::APFloatBase::PPCDoubleDouble();Defined DefinedKind
lib/libLLVMSupport.a(StringRef.cpp.o);lib/libLLVMSupport.a(APFloat.cpp.o);llvm::detail::IEEEFloat::~IEEEFloat();Defined DefinedKind
lib/libLLVMSupport.a(StringRef.cpp.o);lib/libLLVMSupport.a(APFloat.cpp.o);llvm::APFloatBase::IEEEdouble();Defined DefinedKind
lib/libLLVMSupport.a(StringRef.cpp.o);lib/libLLVMSupport.a(APFloat.cpp.o);llvm::detail::IEEEFloat::IEEEFloat(double);Defined DefinedKind
lib/libLLVMSupport.a(StringRef.cpp.o);lib/libLLVMSupport.a(APFloat.cpp.o);llvm::APFloat::Storage::Storage(llvm::detail::IEEEFloat, llvm::fltSemantics const&);Defined DefinedKind
lib/libLLVMSupport.a(StringRef.cpp.o);lib/libLLVMSupport.a(APFloat.cpp.o);llvm::APFloat::convertFromString(llvm::StringRef, llvm::RoundingMode);Defined DefinedKind
lib/libLLVMSupport.a(StringRef.cpp.o);lib/libLLVMSupport.a(APFloat.cpp.o);llvm::APFloat::convertToDouble() const;Defined DefinedKind
lib/libLLVMSupport.a(StringRef.cpp.o);lib/libLLVMSupport.a(APInt.cpp.o);llvm::APInt::operator*=(llvm::APInt const&);Defined DefinedKind
lib/libLLVMSupport.a(StringRef.cpp.o);lib/libLLVMSupport.a(APInt.cpp.o);llvm::APInt::operator+=(llvm::APInt const&);Defined DefinedKind
lib/libLLVMSupport.a(StringRef.cpp.o);lib/libLLVMSupport.a(APInt.cpp.o);llvm::APInt::shlSlowCase(unsigned int);Defined DefinedKind
lib/libLLVMSupport.a(StringRef.cpp.o);lib/libLLVMSupport.a(APInt.cpp.o);llvm::APInt::initSlowCase(unsigned long, bool);Defined DefinedKind
lib/libLLVMSupport.a(StringRef.cpp.o);lib/libLLVMSupport.a(APInt.cpp.o);llvm::APInt::zext(unsigned int) const;Defined DefinedKind
lib/libLLVMSupport.a(StringRef.cpp.o);lib/libLLVMSupport.a(Hashing.cpp.o);llvm::hashing::detail::fixed_seed_override;Defined DefinedKind
lib/libLLVMSupport.a(APFloat.cpp.o);lib/libLLVMSupport.a(Error.cpp.o);llvm::ErrorInfoBase::ID;Defined DefinedKind
lib/libLLVMSupport.a(APFloat.cpp.o);lib/libLLVMSupport.a(Error.cpp.o);llvm::inconvertibleErrorCode();Defined DefinedKind
lib/libLLVMSupport.a(APFloat.cpp.o);lib/libLLVMSupport.a(Error.cpp.o);llvm::StringError::StringError(llvm::Twine const&, std::error_code);Defined DefinedKind
lib/libLLVMSupport.a(APFloat.cpp.o);lib/libLLVMSupport.a(Error.cpp.o);llvm::ErrorList::ID;Defined DefinedKind
lib/libLLVMSupport.a(APFloat.cpp.o);lib/libLLVMSupport.a(StringRef.cpp.o);llvm::hashing::detail::get_execution_seed()::seed;Defined DefinedKind
lib/libLLVMSupport.a(APFloat.cpp.o);lib/libLLVMSupport.a(StringRef.cpp.o);guard variable for llvm::hashing::detail::get_execution_seed()::seed;Defined DefinedKind
lib/libLLVMSupport.a(APFloat.cpp.o);lib/libLLVMSupport.a(StringRef.cpp.o);llvm::StringRef::getAsInteger(unsigned int, llvm::APInt&) const;Defined DefinedKind
lib/libLLVMSupport.a(APFloat.cpp.o);lib/libLLVMSupport.a(APInt.cpp.o);llvm::APInt::APInt(unsigned int, llvm::ArrayRef<unsigned long>);Defined DefinedKind
lib/libLLVMSupport.a(APFloat.cpp.o);lib/libLLVMSupport.a(APInt.cpp.o);llvm::APInt::flipAllBitsSlowCase();Defined DefinedKind
lib/libLLVMSupport.a(APFloat.cpp.o);lib/libLLVMSupport.a(APInt.cpp.o);llvm::APInt::tcFullMultiply(unsigned long*, unsigned long const*, unsigned long const*, unsigned int, unsigned int);Defined DefinedKind
lib/libLLVMSupport.a(APFloat.cpp.o);lib/libLLVMSupport.a(APInt.cpp.o);llvm::APInt::initSlowCase(unsigned long, bool);Defined DefinedKind
lib/libLLVMSupport.a(APFloat.cpp.o);lib/libLLVMSupport.a(APInt.cpp.o);llvm::APInt::shlSlowCase(unsigned int);Defined DefinedKind
lib/libLLVMSupport.a(APFloat.cpp.o);lib/libLLVMSupport.a(APInt.cpp.o);llvm::APInt::APInt(unsigned int, unsigned int, unsigned long const*);Defined DefinedKind
lib/libLLVMSupport.a(APFloat.cpp.o);lib/libLLVMSupport.a(APInt.cpp.o);llvm::APInt::tcMultiplyPart(unsigned long*, unsigned long const*, unsigned long, unsigned long, unsigned int, unsigned int, bool);Defined DefinedKind
lib/libLLVMSupport.a(APFloat.cpp.o);lib/libLLVMSupport.a(APInt.cpp.o);llvm::APInt::countTrailingZerosSlowCase() const;Defined DefinedKind
lib/libLLVMSupport.a(APFloat.cpp.o);lib/libLLVMSupport.a(APInt.cpp.o);llvm::APInt::lshrSlowCase(unsigned int);Defined DefinedKind
lib/libLLVMSupport.a(APFloat.cpp.o);lib/libLLVMSupport.a(APInt.cpp.o);llvm::APInt::zext(unsigned int) const;Defined DefinedKind
lib/libLLVMSupport.a(APFloat.cpp.o);lib/libLLVMSupport.a(APInt.cpp.o);llvm::APInt::countLeadingZerosSlowCase() const;Defined DefinedKind
lib/libLLVMSupport.a(APFloat.cpp.o);lib/libLLVMSupport.a(APInt.cpp.o);llvm::APInt::operator*=(llvm::APInt const&);Defined DefinedKind
lib/libLLVMSupport.a(APFloat.cpp.o);lib/libLLVMSupport.a(APInt.cpp.o);llvm::APInt::udiv(llvm::APInt const&) const;Defined DefinedKind
lib/libLLVMSupport.a(APFloat.cpp.o);lib/libLLVMSupport.a(APInt.cpp.o);llvm::APInt::trunc(unsigned int) const;Defined DefinedKind
lib/libLLVMSupport.a(APFloat.cpp.o);lib/libLLVMSupport.a(APInt.cpp.o);llvm::APInt::udivrem(llvm::APInt const&, llvm::APInt const&, llvm::APInt&, llvm::APInt&);Defined DefinedKind
lib/libLLVMSupport.a(APFloat.cpp.o);lib/libLLVMSupport.a(APInt.cpp.o);llvm::APInt::tcAdd(unsigned long*, unsigned long const*, unsigned long, unsigned int);Defined DefinedKind
lib/libLLVMSupport.a(APFloat.cpp.o);lib/libLLVMSupport.a(APInt.cpp.o);llvm::APInt::tcExtractBit(unsigned long const*, unsigned int);Defined DefinedKind
lib/libLLVMSupport.a(APFloat.cpp.o);lib/libLLVMSupport.a(APInt.cpp.o);llvm::APInt::tcSet(unsigned long*, unsigned long, unsigned int);Defined DefinedKind
lib/libLLVMSupport.a(APFloat.cpp.o);lib/libLLVMSupport.a(APInt.cpp.o);llvm::APInt::tcAssign(unsigned long*, unsigned long const*, unsigned int);Defined DefinedKind
lib/libLLVMSupport.a(APFloat.cpp.o);lib/libLLVMSupport.a(APInt.cpp.o);llvm::APInt::tcClearBit(unsigned long*, unsigned int);Defined DefinedKind
lib/libLLVMSupport.a(APFloat.cpp.o);lib/libLLVMSupport.a(APInt.cpp.o);llvm::APInt::tcIsZero(unsigned long const*, unsigned int);Defined DefinedKind
lib/libLLVMSupport.a(APFloat.cpp.o);lib/libLLVMSupport.a(APInt.cpp.o);llvm::APInt::tcSetBit(unsigned long*, unsigned int);Defined DefinedKind
lib/libLLVMSupport.a(APFloat.cpp.o);lib/libLLVMSupport.a(APInt.cpp.o);llvm::APInt::tcMSB(unsigned long const*, unsigned int);Defined DefinedKind
lib/libLLVMSupport.a(APFloat.cpp.o);lib/libLLVMSupport.a(APInt.cpp.o);llvm::APInt::tcAddPart(unsigned long*, unsigned long, unsigned int);Defined DefinedKind
lib/libLLVMSupport.a(APFloat.cpp.o);lib/libLLVMSupport.a(APInt.cpp.o);llvm::APInt::tcLSB(unsigned long const*, unsigned int);Defined DefinedKind
lib/libLLVMSupport.a(APFloat.cpp.o);lib/libLLVMSupport.a(APInt.cpp.o);llvm::APInt::tcSubtract(unsigned long*, unsigned long const*, unsigned long, unsigned int);Defined DefinedKind
lib/libLLVMSupport.a(APFloat.cpp.o);lib/libLLVMSupport.a(APInt.cpp.o);llvm::APInt::tcCompare(unsigned long const*, unsigned long const*, unsigned int);Defined DefinedKind
lib/libLLVMSupport.a(APFloat.cpp.o);lib/libLLVMSupport.a(APInt.cpp.o);llvm::APInt::tcShiftLeft(unsigned long*, unsigned int, unsigned int);Defined DefinedKind
lib/libLLVMSupport.a(APFloat.cpp.o);lib/libLLVMSupport.a(APInt.cpp.o);llvm::APInt::tcShiftRight(unsigned long*, unsigned int, unsigned int);Defined DefinedKind
lib/libLLVMSupport.a(APFloat.cpp.o);lib/libLLVMSupport.a(APInt.cpp.o);llvm::APInt::tcSetLeastSignificantBits(unsigned long*, unsigned int, unsigned int);Defined DefinedKind
lib/libLLVMSupport.a(APFloat.cpp.o);lib/libLLVMSupport.a(APInt.cpp.o);llvm::APInt::tcExtract(unsigned long*, unsigned int, unsigned long const*, unsigned int, unsigned int);Defined DefinedKind
lib/libLLVMSupport.a(APFloat.cpp.o);lib/libLLVMSupport.a(APInt.cpp.o);llvm::APInt::tcNegate(unsigned long*, unsigned int);Defined DefinedKind
lib/libLLVMSupport.a(APFloat.cpp.o);lib/libLLVMSupport.a(APInt.cpp.o);llvm::APInt::operator++();Defined DefinedKind
lib/libLLVMSupport.a(APFloat.cpp.o);lib/libLLVMSupport.a(APInt.cpp.o);llvm::APInt::initSlowCase(llvm::APInt const&);Defined DefinedKind
lib/libLLVMSupport.a(APFloat.cpp.o);lib/libLLVMSupport.a(Hashing.cpp.o);llvm::hashing::detail::fixed_seed_override;Defined DefinedKind
lib/libLLVMSupport.a(APFloat.cpp.o);lib/libLLVMSupport.a(raw_ostream.cpp.o);llvm::raw_ostream::write(char const*, unsigned long);Defined DefinedKind
lib/libLLVMSupport.a(APInt.cpp.o);lib/libLLVMSupport.a(StringRef.cpp.o);guard variable for llvm::hashing::detail::get_execution_seed()::seed;Defined DefinedKind
lib/libLLVMSupport.a(APInt.cpp.o);lib/libLLVMSupport.a(StringRef.cpp.o);llvm::hashing::detail::get_execution_seed()::seed;Defined DefinedKind
lib/libLLVMSupport.a(APInt.cpp.o);lib/libLLVMSupport.a(FoldingSet.cpp.o);llvm::FoldingSetNodeID::AddInteger(unsigned long);Defined DefinedKind
lib/libLLVMSupport.a(APInt.cpp.o);lib/libLLVMSupport.a(Hashing.cpp.o);llvm::hashing::detail::fixed_seed_override;Defined DefinedKind
lib/libLLVMSupport.a(APInt.cpp.o);lib/libLLVMSupport.a(raw_ostream.cpp.o);llvm::raw_ostream::write(char const*, unsigned long);Defined DefinedKind
lib/libLLVMSupport.a(FoldingSet.cpp.o);lib/libLLVMSupport.a(ErrorHandling.cpp.o);llvm::report_bad_alloc_error(char const*, bool);Defined DefinedKind
lib/libLLVMSupport.a(FoldingSet.cpp.o);lib/libLLVMSupport.a(MemAlloc.cpp.o);llvm::allocate_buffer(unsigned long, unsigned long);Defined DefinedKind
lib/libLLVMSupport.a(FoldingSet.cpp.o);lib/libLLVMSupport.a(StringRef.cpp.o);guard variable for llvm::hashing::detail::get_execution_seed()::seed;Defined DefinedKind
lib/libLLVMSupport.a(FoldingSet.cpp.o);lib/libLLVMSupport.a(StringRef.cpp.o);llvm::hashing::detail::get_execution_seed()::seed;Defined DefinedKind
lib/libLLVMSupport.a(FoldingSet.cpp.o);lib/libLLVMSupport.a(Hashing.cpp.o);llvm::hashing::detail::fixed_seed_override;Defined DefinedKind
lib/libLLVMSupport.a(Triple.cpp.o);lib/libLLVMSupport.a(StringRef.cpp.o);llvm::StringRef::split(llvm::SmallVectorImpl<llvm::StringRef>&, char, int, bool) const;Defined DefinedKind
lib/libLLVMSupport.a(Triple.cpp.o);lib/libLLVMSupport.a(StringRef.cpp.o);llvm::StringRef::find(llvm::StringRef, unsigned long) const;Defined DefinedKind
lib/libLLVMSupport.a(Triple.cpp.o);lib/libLLVMSupport.a(ARMTargetParser.cpp.o);llvm::ARM::getCanonicalArchName(llvm::StringRef);Defined DefinedKind
lib/libLLVMSupport.a(Triple.cpp.o);lib/libLLVMSupport.a(ARMTargetParser.cpp.o);llvm::ARM::parseArch(llvm::StringRef);Defined DefinedKind
lib/libLLVMSupport.a(Triple.cpp.o);lib/libLLVMSupport.a(ARMTargetParser.cpp.o);llvm::ARM::parseArchISA(llvm::StringRef);Defined DefinedKind
lib/libLLVMSupport.a(Triple.cpp.o);lib/libLLVMSupport.a(ARMTargetParser.cpp.o);llvm::ARM::parseArchEndian(llvm::StringRef);Defined DefinedKind
lib/libLLVMSupport.a(Triple.cpp.o);lib/libLLVMSupport.a(ARMTargetParser.cpp.o);llvm::ARM::parseArchProfile(llvm::StringRef);Defined DefinedKind
lib/libLLVMSupport.a(Triple.cpp.o);lib/libLLVMSupport.a(ARMTargetParser.cpp.o);llvm::ARM::parseArchVersion(llvm::StringRef);Defined DefinedKind
lib/libLLVMSupport.a(Triple.cpp.o);lib/libLLVMSupport.a(Twine.cpp.o);llvm::Twine::str[abi:cxx11]() const;Defined DefinedKind
lib/libLLVMSupport.a(ARMTargetParser.cpp.o);lib/libLLVMSupport.a(StringRef.cpp.o);llvm::StringRef::find(llvm::StringRef, unsigned long) const;Defined DefinedKind
lib/libLLVMSupport.a(Twine.cpp.o);lib/libLLVMSupport.a(raw_ostream.cpp.o);llvm::raw_ostream::write(char const*, unsigned long);Defined DefinedKind
lib/libLLVMSupport.a(Twine.cpp.o);lib/libLLVMSupport.a(raw_ostream.cpp.o);llvm::raw_ostream::write_hex(unsigned long long);Defined DefinedKind
lib/libLLVMSupport.a(Twine.cpp.o);lib/libLLVMSupport.a(raw_ostream.cpp.o);llvm::raw_ostream::operator<<(llvm::formatv_object_base const&);Defined DefinedKind
lib/libLLVMSupport.a(Twine.cpp.o);lib/libLLVMSupport.a(raw_ostream.cpp.o);llvm::raw_ostream::operator<<(unsigned long);Defined DefinedKind
lib/libLLVMSupport.a(Twine.cpp.o);lib/libLLVMSupport.a(raw_ostream.cpp.o);llvm::raw_ostream::operator<<(long);Defined DefinedKind
lib/libLLVMSupport.a(Twine.cpp.o);lib/libLLVMSupport.a(raw_ostream.cpp.o);llvm::raw_ostream::operator<<(unsigned long long);Defined DefinedKind
lib/libLLVMSupport.a(Twine.cpp.o);lib/libLLVMSupport.a(raw_ostream.cpp.o);llvm::raw_ostream::operator<<(long long);Defined DefinedKind
lib/libLLVMSupport.a(Twine.cpp.o);lib/libLLVMSupport.a(raw_ostream.cpp.o);llvm::raw_ostream::write(unsigned char);Defined DefinedKind
lib/libLLVMSupport.a(Twine.cpp.o);lib/libLLVMSupport.a(raw_ostream.cpp.o);llvm::raw_ostream::SetBufferAndMode(char*, unsigned long, llvm::raw_ostream::BufferKind);Defined DefinedKind
lib/libLLVMSupport.a(Twine.cpp.o);lib/libLLVMSupport.a(raw_ostream.cpp.o);llvm::raw_ostream::~raw_ostream();Defined DefinedKind
lib/libLLVMSupport.a(Twine.cpp.o);lib/libLLVMSupport.a(raw_ostream.cpp.o);llvm::raw_ostream::flush_nonempty();Defined DefinedKind
lib/libLLVMSupport.a(Twine.cpp.o);lib/libLLVMSupport.a(raw_ostream.cpp.o);llvm::raw_string_ostream::~raw_string_ostream();Defined DefinedKind
lib/libLLVMSupport.a(Twine.cpp.o);lib/libLLVMSupport.a(raw_ostream.cpp.o);llvm::raw_ostream::operator<<(void const*);Defined DefinedKind
lib/libLLVMSupport.a(TypeSize.cpp.o);lib/libLLVMSupport.a(CommandLine.cpp.o);llvm::cl::GeneralCategory;Defined DefinedKind
lib/libLLVMSupport.a(TypeSize.cpp.o);lib/libLLVMSupport.a(CommandLine.cpp.o);llvm::cl::Option::setArgStr(llvm::StringRef);Defined DefinedKind
lib/libLLVMSupport.a(TypeSize.cpp.o);lib/libLLVMSupport.a(CommandLine.cpp.o);llvm::cl::Option::addArgument();Defined DefinedKind
lib/libLLVMSupport.a(TypeSize.cpp.o);lib/libLLVMSupport.a(CommandLine.cpp.o);llvm::cl::GenericOptionValue::anchor();Defined DefinedKind
lib/libLLVMSupport.a(TypeSize.cpp.o);lib/libLLVMSupport.a(ErrorHandling.cpp.o);llvm::report_fatal_error(char const*, bool);Defined DefinedKind
lib/libLLVMSupport.a(TypeSize.cpp.o);lib/libLLVMSupport.a(WithColor.cpp.o);llvm::WithColor::warning();Defined DefinedKind
lib/libLLVMSupport.a(TypeSize.cpp.o);lib/libLLVMSupport.a(raw_ostream.cpp.o);llvm::raw_ostream::write(char const*, unsigned long);Defined DefinedKind
lib/libLLVMSupport.a(VirtualFileSystem.cpp.o);lib/libLLVMSupport.a(BinaryStreamRef.cpp.o);std::_Sp_make_shared_tag::_S_ti()::__tag;Defined DefinedKind
lib/libLLVMSupport.a(VirtualFileSystem.cpp.o);lib/libLLVMSupport.a(Error.cpp.o);llvm::errorToErrorCode(llvm::Error);Defined DefinedKind
lib/libLLVMSupport.a(VirtualFileSystem.cpp.o);lib/libLLVMSupport.a(MemAlloc.cpp.o);llvm::allocate_buffer(unsigned long, unsigned long);Defined DefinedKind
lib/libLLVMSupport.a(VirtualFileSystem.cpp.o);lib/libLLVMSupport.a(MemAlloc.cpp.o);llvm::deallocate_buffer(void*, unsigned long, unsigned long);Defined DefinedKind
lib/libLLVMSupport.a(VirtualFileSystem.cpp.o);lib/libLLVMSupport.a(MemoryBuffer.cpp.o);llvm::MemoryBuffer::getMemBufferRef() const;Defined DefinedKind
lib/libLLVMSupport.a(VirtualFileSystem.cpp.o);lib/libLLVMSupport.a(MemoryBuffer.cpp.o);llvm::MemoryBuffer::getMemBuffer(llvm::MemoryBufferRef, bool);Defined DefinedKind
lib/libLLVMSupport.a(VirtualFileSystem.cpp.o);lib/libLLVMSupport.a(MemoryBuffer.cpp.o);llvm::MemoryBuffer::getMemBuffer(llvm::StringRef, llvm::StringRef, bool);Defined DefinedKind
lib/libLLVMSupport.a(VirtualFileSystem.cpp.o);lib/libLLVMSupport.a(MemoryBuffer.cpp.o);llvm::MemoryBuffer::getOpenFile(int, llvm::Twine const&, unsigned long, bool, bool);Defined DefinedKind
lib/libLLVMSupport.a(VirtualFileSystem.cpp.o);lib/libLLVMSupport.a(SourceMgr.cpp.o);llvm::SourceMgr::PrintMessage(llvm::SMLoc, llvm::SourceMgr::DiagKind, llvm::Twine const&, llvm::ArrayRef<llvm::SMRange>, llvm::ArrayRef<llvm::SMFixIt>, bool) const;Defined DefinedKind
lib/libLLVMSupport.a(VirtualFileSystem.cpp.o);lib/libLLVMSupport.a(SourceMgr.cpp.o);llvm::SourceMgr::SrcBuffer::~SrcBuffer();Defined DefinedKind
lib/libLLVMSupport.a(VirtualFileSystem.cpp.o);lib/libLLVMSupport.a(StringMap.cpp.o);llvm::StringMapImpl::FindKey(llvm::StringRef) const;Defined DefinedKind
lib/libLLVMSupport.a(VirtualFileSystem.cpp.o);lib/libLLVMSupport.a(StringMap.cpp.o);llvm::StringMapImpl::LookupBucketFor(llvm::StringRef);Defined DefinedKind
lib/libLLVMSupport.a(VirtualFileSystem.cpp.o);lib/libLLVMSupport.a(StringMap.cpp.o);llvm::StringMapImpl::RehashTable(unsigned int);Defined DefinedKind
lib/libLLVMSupport.a(VirtualFileSystem.cpp.o);lib/libLLVMSupport.a(StringRef.cpp.o);llvm::StringRef::compare_lower(llvm::StringRef) const;Defined DefinedKind
lib/libLLVMSupport.a(VirtualFileSystem.cpp.o);lib/libLLVMSupport.a(StringRef.cpp.o);llvm::hash_value(llvm::StringRef);Defined DefinedKind
lib/libLLVMSupport.a(VirtualFileSystem.cpp.o);lib/libLLVMSupport.a(StringRef.cpp.o);llvm::getAsSignedInteger(llvm::StringRef, unsigned int, long long&);Defined DefinedKind
lib/libLLVMSupport.a(VirtualFileSystem.cpp.o);lib/libLLVMSupport.a(StringRef.cpp.o);llvm::StringRef::find_first_of(llvm::StringRef, unsigned long) const;Defined DefinedKind
lib/libLLVMSupport.a(VirtualFileSystem.cpp.o);lib/libLLVMSupport.a(Twine.cpp.o);llvm::Twine::toVector(llvm::SmallVectorImpl<char>&) const;Defined DefinedKind
lib/libLLVMSupport.a(VirtualFileSystem.cpp.o);lib/libLLVMSupport.a(Twine.cpp.o);llvm::Twine::str[abi:cxx11]() const;Defined DefinedKind
lib/libLLVMSupport.a(VirtualFileSystem.cpp.o);lib/libLLVMSupport.a(YAMLParser.cpp.o);llvm::yaml::Document::parseBlockNode();Defined DefinedKind
lib/libLLVMSupport.a(VirtualFileSystem.cpp.o);lib/libLLVMSupport.a(YAMLParser.cpp.o);llvm::yaml::MappingNode::increment();Defined DefinedKind
lib/libLLVMSupport.a(VirtualFileSystem.cpp.o);lib/libLLVMSupport.a(YAMLParser.cpp.o);llvm::yaml::KeyValueNode::getKey();Defined DefinedKind
lib/libLLVMSupport.a(VirtualFileSystem.cpp.o);lib/libLLVMSupport.a(YAMLParser.cpp.o);llvm::yaml::KeyValueNode::getValue();Defined DefinedKind
lib/libLLVMSupport.a(VirtualFileSystem.cpp.o);lib/libLLVMSupport.a(YAMLParser.cpp.o);llvm::yaml::SequenceNode::increment();Defined DefinedKind
lib/libLLVMSupport.a(VirtualFileSystem.cpp.o);lib/libLLVMSupport.a(YAMLParser.cpp.o);llvm::yaml::Stream::begin();Defined DefinedKind
lib/libLLVMSupport.a(VirtualFileSystem.cpp.o);lib/libLLVMSupport.a(YAMLParser.cpp.o);llvm::yaml::Stream::end();Defined DefinedKind
lib/libLLVMSupport.a(VirtualFileSystem.cpp.o);lib/libLLVMSupport.a(YAMLParser.cpp.o);llvm::yaml::Stream::~Stream();Defined DefinedKind
lib/libLLVMSupport.a(VirtualFileSystem.cpp.o);lib/libLLVMSupport.a(YAMLParser.cpp.o);llvm::yaml::Stream::printError(llvm::yaml::Node*, llvm::Twine const&, llvm::SourceMgr::DiagKind);Defined DefinedKind
lib/libLLVMSupport.a(VirtualFileSystem.cpp.o);lib/libLLVMSupport.a(YAMLParser.cpp.o);llvm::yaml::ScalarNode::getValue(llvm::SmallVectorImpl<char>&) const;Defined DefinedKind
lib/libLLVMSupport.a(VirtualFileSystem.cpp.o);lib/libLLVMSupport.a(raw_ostream.cpp.o);llvm::raw_ostream::indent(unsigned int);Defined DefinedKind
lib/libLLVMSupport.a(VirtualFileSystem.cpp.o);lib/libLLVMSupport.a(raw_ostream.cpp.o);llvm::raw_ostream::write(char const*, unsigned long);Defined DefinedKind
lib/libLLVMSupport.a(VirtualFileSystem.cpp.o);lib/libLLVMSupport.a(Path.cpp.o);llvm::sys::fs::current_path(llvm::SmallVectorImpl<char>&);Defined DefinedKind
lib/libLLVMSupport.a(VirtualFileSystem.cpp.o);lib/libLLVMSupport.a(Path.cpp.o);llvm::sys::fs::file_status::getUniqueID() const;Defined DefinedKind
lib/libLLVMSupport.a(VirtualFileSystem.cpp.o);lib/libLLVMSupport.a(Path.cpp.o);llvm::sys::fs::basic_file_status::getLastModificationTime() const;Defined DefinedKind
lib/libLLVMSupport.a(VirtualFileSystem.cpp.o);lib/libLLVMSupport.a(Path.cpp.o);llvm::sys::path::root_path(llvm::StringRef, llvm::sys::path::Style);Defined DefinedKind
lib/libLLVMSupport.a(VirtualFileSystem.cpp.o);lib/libLLVMSupport.a(Path.cpp.o);llvm::sys::fs::status(llvm::Twine const&, llvm::sys::fs::file_status&, bool);Defined DefinedKind
lib/libLLVMSupport.a(VirtualFileSystem.cpp.o);lib/libLLVMSupport.a(Path.cpp.o);llvm::sys::fs::real_path(llvm::Twine const&, llvm::SmallVectorImpl<char>&, bool);Defined DefinedKind
lib/libLLVMSupport.a(VirtualFileSystem.cpp.o);lib/libLLVMSupport.a(Path.cpp.o);llvm::sys::fs::is_local(llvm::Twine const&, bool&);Defined DefinedKind
lib/libLLVMSupport.a(VirtualFileSystem.cpp.o);lib/libLLVMSupport.a(Path.cpp.o);llvm::sys::fs::status(int, llvm::sys::fs::file_status&);Defined DefinedKind
lib/libLLVMSupport.a(VirtualFileSystem.cpp.o);lib/libLLVMSupport.a(Path.cpp.o);llvm::sys::fs::make_absolute(llvm::Twine const&, llvm::SmallVectorImpl<char>&);Defined DefinedKind
lib/libLLVMSupport.a(VirtualFileSystem.cpp.o);lib/libLLVMSupport.a(Path.cpp.o);llvm::sys::path::is_absolute(llvm::Twine const&, llvm::sys::path::Style);Defined DefinedKind
lib/libLLVMSupport.a(VirtualFileSystem.cpp.o);lib/libLLVMSupport.a(Path.cpp.o);llvm::sys::fs::kInvalidFile;Defined DefinedKind
lib/libLLVMSupport.a(VirtualFileSystem.cpp.o);lib/libLLVMSupport.a(Path.cpp.o);llvm::sys::fs::closeFile(int&);Defined DefinedKind
lib/libLLVMSupport.a(VirtualFileSystem.cpp.o);lib/libLLVMSupport.a(Path.cpp.o);llvm::sys::fs::detail::directory_iterator_destruct(llvm::sys::fs::detail::DirIterState&);Defined DefinedKind
lib/libLLVMSupport.a(VirtualFileSystem.cpp.o);lib/libLLVMSupport.a(Path.cpp.o);llvm::sys::path::parent_path(llvm::StringRef, llvm::sys::path::Style);Defined DefinedKind
lib/libLLVMSupport.a(VirtualFileSystem.cpp.o);lib/libLLVMSupport.a(Path.cpp.o);llvm::sys::fs::openNativeFileForRead(llvm::Twine const&, llvm::sys::fs::OpenFlags, llvm::SmallVectorImpl<char>*);Defined DefinedKind
lib/libLLVMSupport.a(VirtualFileSystem.cpp.o);lib/libLLVMSupport.a(Path.cpp.o);llvm::sys::path::get_separator(llvm::sys::path::Style);Defined DefinedKind
lib/libLLVMSupport.a(VirtualFileSystem.cpp.o);lib/libLLVMSupport.a(Path.cpp.o);llvm::sys::fs::detail::directory_iterator_construct(llvm::sys::fs::detail::DirIterState&, llvm::StringRef, bool);Defined DefinedKind
lib/libLLVMSupport.a(VirtualFileSystem.cpp.o);lib/libLLVMSupport.a(Path.cpp.o);llvm::sys::fs::directory_entry::status() const;Defined DefinedKind
lib/libLLVMSupport.a(VirtualFileSystem.cpp.o);lib/libLLVMSupport.a(Path.cpp.o);llvm::sys::fs::detail::directory_iterator_increment(llvm::sys::fs::detail::DirIterState&);Defined DefinedKind
lib/libLLVMSupport.a(VirtualFileSystem.cpp.o);lib/libLLVMSupport.a(Path.cpp.o);llvm::sys::path::append(llvm::SmallVectorImpl<char>&, llvm::Twine const&, llvm::Twine const&, llvm::Twine const&, llvm::Twine const&);Defined DefinedKind
lib/libLLVMSupport.a(VirtualFileSystem.cpp.o);lib/libLLVMSupport.a(Path.cpp.o);llvm::sys::path::filename(llvm::StringRef, llvm::sys::path::Style);Defined DefinedKind
lib/libLLVMSupport.a(VirtualFileSystem.cpp.o);lib/libLLVMSupport.a(Path.cpp.o);llvm::sys::path::append(llvm::SmallVectorImpl<char>&, llvm::sys::path::Style, llvm::Twine const&, llvm::Twine const&, llvm::Twine const&, llvm::Twine const&);Defined DefinedKind
lib/libLLVMSupport.a(VirtualFileSystem.cpp.o);lib/libLLVMSupport.a(Path.cpp.o);llvm::sys::fs::set_current_path(llvm::Twine const&);Defined DefinedKind
lib/libLLVMSupport.a(VirtualFileSystem.cpp.o);lib/libLLVMSupport.a(Path.cpp.o);llvm::sys::fs::is_directory(llvm::Twine const&, bool&);Defined DefinedKind
lib/libLLVMSupport.a(VirtualFileSystem.cpp.o);lib/libLLVMSupport.a(Path.cpp.o);llvm::sys::path::const_iterator::operator++();Defined DefinedKind
lib/libLLVMSupport.a(WithColor.cpp.o);lib/libLLVMSupport.a(CommandLine.cpp.o);llvm::cl::basic_parser_impl::getOptionWidth(llvm::cl::Option const&) const;Defined DefinedKind
lib/libLLVMSupport.a(WithColor.cpp.o);lib/libLLVMSupport.a(CommandLine.cpp.o);llvm::cl::Option::addOccurrence(unsigned int, llvm::StringRef, llvm::StringRef, bool);Defined DefinedKind
lib/libLLVMSupport.a(WithColor.cpp.o);lib/libLLVMSupport.a(CommandLine.cpp.o);llvm::cl::Option::anchor();Defined DefinedKind
lib/libLLVMSupport.a(WithColor.cpp.o);lib/libLLVMSupport.a(CommandLine.cpp.o);llvm::cl::Option::addArgument();Defined DefinedKind
lib/libLLVMSupport.a(WithColor.cpp.o);lib/libLLVMSupport.a(CommandLine.cpp.o);llvm::cl::Option::addCategory(llvm::cl::OptionCategory&);Defined DefinedKind
lib/libLLVMSupport.a(WithColor.cpp.o);lib/libLLVMSupport.a(CommandLine.cpp.o);llvm::cl::Option::setArgStr(llvm::StringRef);Defined DefinedKind
lib/libLLVMSupport.a(WithColor.cpp.o);lib/libLLVMSupport.a(CommandLine.cpp.o);llvm::cl::GeneralCategory;Defined DefinedKind
lib/libLLVMSupport.a(WithColor.cpp.o);lib/libLLVMSupport.a(CommandLine.cpp.o);llvm::cl::OptionCategory::registerCategory();Defined DefinedKind
lib/libLLVMSupport.a(WithColor.cpp.o);lib/libLLVMSupport.a(CommandLine.cpp.o);llvm::cl::parser<llvm::cl::boolOrDefault>::printOptionDiff(llvm::cl::Option const&, llvm::cl::boolOrDefault, llvm::cl::OptionValue<llvm::cl::boolOrDefault>, unsigned long) const;Defined DefinedKind
lib/libLLVMSupport.a(WithColor.cpp.o);lib/libLLVMSupport.a(CommandLine.cpp.o);llvm::cl::parser<llvm::cl::boolOrDefault>::parse(llvm::cl::Option&, llvm::StringRef, llvm::StringRef, llvm::cl::boolOrDefault&);Defined DefinedKind
lib/libLLVMSupport.a(WithColor.cpp.o);lib/libLLVMSupport.a(CommandLine.cpp.o);llvm::cl::basic_parser_impl::printOptionInfo(llvm::cl::Option const&, unsigned long) const;Defined DefinedKind
lib/libLLVMSupport.a(WithColor.cpp.o);lib/libLLVMSupport.a(Error.cpp.o);llvm::ErrorInfoBase::ID;Defined DefinedKind
lib/libLLVMSupport.a(WithColor.cpp.o);lib/libLLVMSupport.a(Error.cpp.o);llvm::ErrorList::ID;Defined DefinedKind
lib/libLLVMSupport.a(WithColor.cpp.o);lib/libLLVMSupport.a(raw_ostream.cpp.o);llvm::raw_ostream::write(char const*, unsigned long);Defined DefinedKind
lib/libLLVMSupport.a(WithColor.cpp.o);lib/libLLVMSupport.a(raw_ostream.cpp.o);llvm::raw_ostream::write(unsigned char);Defined DefinedKind
lib/libLLVMSupport.a(WithColor.cpp.o);lib/libLLVMSupport.a(raw_ostream.cpp.o);llvm::errs();Defined DefinedKind
lib/libLLVMSupport.a(WithColor.cpp.o);lib/libLLVMSupport.a(raw_ostream.cpp.o);llvm::raw_string_ostream::~raw_string_ostream();Defined DefinedKind
lib/libLLVMSupport.a(WithColor.cpp.o);lib/libLLVMSupport.a(raw_ostream.cpp.o);llvm::raw_ostream::flush_nonempty();Defined DefinedKind
lib/libLLVMSupport.a(WithColor.cpp.o);lib/libLLVMSupport.a(raw_ostream.cpp.o);llvm::raw_ostream::SetBufferAndMode(char*, unsigned long, llvm::raw_ostream::BufferKind);Defined DefinedKind
lib/libLLVMSupport.a(YAMLParser.cpp.o);lib/libLLVMSupport.a(ErrorHandling.cpp.o);llvm::report_fatal_error(char const*, bool);Defined DefinedKind
lib/libLLVMSupport.a(YAMLParser.cpp.o);lib/libLLVMSupport.a(MemAlloc.cpp.o);llvm::allocate_buffer(unsigned long, unsigned long);Defined DefinedKind
lib/libLLVMSupport.a(YAMLParser.cpp.o);lib/libLLVMSupport.a(MemAlloc.cpp.o);llvm::deallocate_buffer(void*, unsigned long, unsigned long);Defined DefinedKind
lib/libLLVMSupport.a(YAMLParser.cpp.o);lib/libLLVMSupport.a(MemoryBuffer.cpp.o);llvm::MemoryBuffer::getMemBuffer(llvm::MemoryBufferRef, bool);Defined DefinedKind
lib/libLLVMSupport.a(YAMLParser.cpp.o);lib/libLLVMSupport.a(SourceMgr.cpp.o);llvm::SourceMgr::PrintMessage(llvm::SMLoc, llvm::SourceMgr::DiagKind, llvm::Twine const&, llvm::ArrayRef<llvm::SMRange>, llvm::ArrayRef<llvm::SMFixIt>, bool) const;Defined DefinedKind
lib/libLLVMSupport.a(YAMLParser.cpp.o);lib/libLLVMSupport.a(SourceMgr.cpp.o);llvm::SourceMgr::SrcBuffer::SrcBuffer(llvm::SourceMgr::SrcBuffer&&);Defined DefinedKind
lib/libLLVMSupport.a(YAMLParser.cpp.o);lib/libLLVMSupport.a(SourceMgr.cpp.o);llvm::SourceMgr::SrcBuffer::~SrcBuffer();Defined DefinedKind
lib/libLLVMSupport.a(YAMLParser.cpp.o);lib/libLLVMSupport.a(StringRef.cpp.o);llvm::StringRef::find_first_of(llvm::StringRef, unsigned long) const;Defined DefinedKind
lib/libLLVMSupport.a(YAMLParser.cpp.o);lib/libLLVMSupport.a(StringRef.cpp.o);llvm::getAsUnsignedInteger(llvm::StringRef, unsigned int, unsigned long long&);Defined DefinedKind
lib/libLLVMSupport.a(YAMLParser.cpp.o);lib/libLLVMSupport.a(StringRef.cpp.o);llvm::StringRef::find_last_not_of(char, unsigned long) const;Defined DefinedKind
lib/libLLVMSupport.a(YAMLParser.cpp.o);lib/libLLVMSupport.a(StringRef.cpp.o);llvm::StringRef::find_first_not_of(llvm::StringRef, unsigned long) const;Defined DefinedKind
lib/libLLVMSupport.a(YAMLParser.cpp.o);lib/libLLVMSupport.a(raw_ostream.cpp.o);llvm::raw_ostream::write(char const*, unsigned long);Defined DefinedKind
lib/libLLVMSupport.a(Unicode.cpp.o);lib/libLLVMSupport.a(ConvertUTF.cpp.o);llvm::getNumBytesForUTF8(unsigned char);Defined DefinedKind
lib/libLLVMSupport.a(Unicode.cpp.o);lib/libLLVMSupport.a(ConvertUTF.cpp.o);llvm::ConvertUTF8toUTF32(unsigned char const**, unsigned char const*, unsigned int**, unsigned int*, llvm::ConversionFlags);Defined DefinedKind
lib/libLLVMSupport.a(raw_ostream.cpp.o);lib/libLLVMSupport.a(Error.cpp.o);llvm::ErrorInfoBase::ID;Defined DefinedKind
lib/libLLVMSupport.a(raw_ostream.cpp.o);lib/libLLVMSupport.a(Error.cpp.o);llvm::ErrorList::ID;Defined DefinedKind
lib/libLLVMSupport.a(raw_ostream.cpp.o);lib/libLLVMSupport.a(Error.cpp.o);llvm::errorCodeToError(std::error_code);Defined DefinedKind
lib/libLLVMSupport.a(raw_ostream.cpp.o);lib/libLLVMSupport.a(ErrorHandling.cpp.o);llvm::report_fatal_error(std::__cxx11::basic_string<char, std::char_traits<char>, std::allocator<char> > const&, bool);Defined DefinedKind
lib/libLLVMSupport.a(raw_ostream.cpp.o);lib/libLLVMSupport.a(FormatVariadic.cpp.o);llvm::formatv_object_base::parseFormatString(llvm::StringRef);Defined DefinedKind
lib/libLLVMSupport.a(raw_ostream.cpp.o);lib/libLLVMSupport.a(NativeFormatting.cpp.o);llvm::write_integer(llvm::raw_ostream&, unsigned long, unsigned long, llvm::IntegerStyle);Defined DefinedKind
lib/libLLVMSupport.a(raw_ostream.cpp.o);lib/libLLVMSupport.a(NativeFormatting.cpp.o);llvm::write_integer(llvm::raw_ostream&, long, unsigned long, llvm::IntegerStyle);Defined DefinedKind
lib/libLLVMSupport.a(raw_ostream.cpp.o);lib/libLLVMSupport.a(NativeFormatting.cpp.o);llvm::write_hex(llvm::raw_ostream&, unsigned long, llvm::HexPrintStyle, llvm::Optional<unsigned long>);Defined DefinedKind
lib/libLLVMSupport.a(raw_ostream.cpp.o);lib/libLLVMSupport.a(NativeFormatting.cpp.o);llvm::write_double(llvm::raw_ostream&, double, llvm::FloatStyle, llvm::Optional<unsigned long>);Defined DefinedKind
lib/libLLVMSupport.a(raw_ostream.cpp.o);lib/libLLVMSupport.a(Twine.cpp.o);llvm::Twine::str[abi:cxx11]() const;Defined DefinedKind
lib/libLLVMSupport.a(raw_ostream.cpp.o);lib/libLLVMSupport.a(Path.cpp.o);llvm::sys::fs::openFile(llvm::Twine const&, int&, llvm::sys::fs::CreationDisposition, llvm::sys::fs::FileAccess, llvm::sys::fs::OpenFlags, unsigned int);Defined DefinedKind
lib/libLLVMSupport.a(raw_ostream.cpp.o);lib/libLLVMSupport.a(Process.cpp.o);llvm::sys::Process::ResetColor();Defined DefinedKind
lib/libLLVMSupport.a(raw_ostream.cpp.o);lib/libLLVMSupport.a(Process.cpp.o);llvm::sys::Process::OutputBold(bool);Defined DefinedKind
lib/libLLVMSupport.a(raw_ostream.cpp.o);lib/libLLVMSupport.a(Process.cpp.o);llvm::sys::Process::OutputColor(char, bool, bool);Defined DefinedKind
lib/libLLVMSupport.a(raw_ostream.cpp.o);lib/libLLVMSupport.a(Process.cpp.o);llvm::sys::Process::FileDescriptorIsDisplayed(int);Defined DefinedKind
lib/libLLVMSupport.a(raw_ostream.cpp.o);lib/libLLVMSupport.a(Process.cpp.o);llvm::sys::Process::OutputReverse();Defined DefinedKind
lib/libLLVMSupport.a(raw_ostream.cpp.o);lib/libLLVMSupport.a(Process.cpp.o);llvm::sys::Process::ColorNeedsFlush();Defined DefinedKind
lib/libLLVMSupport.a(raw_ostream.cpp.o);lib/libLLVMSupport.a(Process.cpp.o);llvm::sys::Process::SafelyCloseFileDescriptor(int);Defined DefinedKind
lib/libLLVMSupport.a(raw_ostream.cpp.o);lib/libLLVMSupport.a(Process.cpp.o);llvm::sys::Process::FileDescriptorHasColors(int);Defined DefinedKind
lib/libLLVMSupport.a(raw_ostream.cpp.o);lib/libLLVMSupport.a(Program.cpp.o);llvm::sys::ChangeStdoutMode(llvm::sys::fs::OpenFlags);Defined DefinedKind
lib/libLLVMSupport.a(Host.cpp.o);lib/libLLVMSupport.a(MemAlloc.cpp.o);llvm::allocate_buffer(unsigned long, unsigned long);Defined DefinedKind
lib/libLLVMSupport.a(Host.cpp.o);lib/libLLVMSupport.a(StringMap.cpp.o);llvm::StringMapImpl::RehashTable(unsigned int);Defined DefinedKind
lib/libLLVMSupport.a(Host.cpp.o);lib/libLLVMSupport.a(StringMap.cpp.o);llvm::StringMapImpl::LookupBucketFor(llvm::StringRef);Defined DefinedKind
lib/libLLVMSupport.a(Host.cpp.o);lib/libLLVMSupport.a(StringRef.cpp.o);llvm::StringRef::split(llvm::SmallVectorImpl<llvm::StringRef>&, llvm::StringRef, int, bool) const;Defined DefinedKind
lib/libLLVMSupport.a(Host.cpp.o);lib/libLLVMSupport.a(StringRef.cpp.o);llvm::StringRef::find_first_not_of(llvm::StringRef, unsigned long) const;Defined DefinedKind
lib/libLLVMSupport.a(Host.cpp.o);lib/libLLVMSupport.a(StringRef.cpp.o);llvm::getAsUnsignedInteger(llvm::StringRef, unsigned int, unsigned long long&);Defined DefinedKind
lib/libLLVMSupport.a(Host.cpp.o);lib/libLLVMSupport.a(StringRef.cpp.o);llvm::StringRef::find(llvm::StringRef, unsigned long) const;Defined DefinedKind
lib/libLLVMSupport.a(Host.cpp.o);lib/libLLVMSupport.a(StringRef.cpp.o);llvm::StringRef::split(llvm::SmallVectorImpl<llvm::StringRef>&, char, int, bool) const;Defined DefinedKind
lib/libLLVMSupport.a(Host.cpp.o);lib/libLLVMSupport.a(StringRef.cpp.o);llvm::getAsSignedInteger(llvm::StringRef, unsigned int, long long&);Defined DefinedKind
lib/libLLVMSupport.a(Host.cpp.o);lib/libLLVMSupport.a(StringRef.cpp.o);llvm::StringRef::find_last_not_of(llvm::StringRef, unsigned long) const;Defined DefinedKind
lib/libLLVMSupport.a(Host.cpp.o);lib/libLLVMSupport.a(Triple.cpp.o);llvm::Triple::normalize[abi:cxx11](llvm::StringRef);Defined DefinedKind
lib/libLLVMSupport.a(Host.cpp.o);lib/libLLVMSupport.a(Triple.cpp.o);llvm::Triple::get64BitArchVariant() const;Defined DefinedKind
lib/libLLVMSupport.a(Host.cpp.o);lib/libLLVMSupport.a(Triple.cpp.o);llvm::Triple::isArch32Bit() const;Defined DefinedKind
lib/libLLVMSupport.a(Host.cpp.o);lib/libLLVMSupport.a(Triple.cpp.o);llvm::Triple::Triple(llvm::Twine const&);Defined DefinedKind
lib/libLLVMSupport.a(Host.cpp.o);lib/libLLVMSupport.a(Triple.cpp.o);llvm::Triple::setOSName(llvm::StringRef);Defined DefinedKind
lib/libLLVMSupport.a(Host.cpp.o);lib/libLLVMSupport.a(Triple.cpp.o);llvm::Triple::getOSTypeName(llvm::Triple::OSType);Defined DefinedKind
lib/libLLVMSupport.a(Host.cpp.o);lib/libLLVMSupport.a(Triple.cpp.o);llvm::Triple::getOSVersion(unsigned int&, unsigned int&, unsigned int&) const;Defined DefinedKind
lib/libLLVMSupport.a(Host.cpp.o);lib/libLLVMSupport.a(raw_ostream.cpp.o);llvm::errs();Defined DefinedKind
lib/libLLVMSupport.a(Host.cpp.o);lib/libLLVMSupport.a(raw_ostream.cpp.o);llvm::raw_ostream::write(char const*, unsigned long);Defined DefinedKind
lib/libLLVMSupport.a(Path.cpp.o);lib/libLLVMSupport.a(BinaryStreamRef.cpp.o);std::_Sp_make_shared_tag::_S_ti()::__tag;Defined DefinedKind
lib/libLLVMSupport.a(Path.cpp.o);lib/libLLVMSupport.a(Error.cpp.o);llvm::errorCodeToError(std::error_code);Defined DefinedKind
lib/libLLVMSupport.a(Path.cpp.o);lib/libLLVMSupport.a(Error.cpp.o);llvm::ErrorList::ID;Defined DefinedKind
lib/libLLVMSupport.a(Path.cpp.o);lib/libLLVMSupport.a(Error.cpp.o);llvm::ErrorInfoBase::ID;Defined DefinedKind
lib/libLLVMSupport.a(Path.cpp.o);lib/libLLVMSupport.a(StringRef.cpp.o);llvm::StringRef::find_first_of(llvm::StringRef, unsigned long) const;Defined DefinedKind
lib/libLLVMSupport.a(Path.cpp.o);lib/libLLVMSupport.a(StringRef.cpp.o);llvm::StringRef::find_last_of(llvm::StringRef, unsigned long) const;Defined DefinedKind
lib/libLLVMSupport.a(Path.cpp.o);lib/libLLVMSupport.a(StringRef.cpp.o);llvm::StringRef::find_first_not_of(llvm::StringRef, unsigned long) const;Defined DefinedKind
lib/libLLVMSupport.a(Path.cpp.o);lib/libLLVMSupport.a(Twine.cpp.o);llvm::Twine::toNullTerminatedStringRef(llvm::SmallVectorImpl<char>&) const;Defined DefinedKind
lib/libLLVMSupport.a(Path.cpp.o);lib/libLLVMSupport.a(Twine.cpp.o);llvm::Twine::toVector(llvm::SmallVectorImpl<char>&) const;Defined DefinedKind
lib/libLLVMSupport.a(Path.cpp.o);lib/libLLVMSupport.a(Twine.cpp.o);llvm::Twine::str[abi:cxx11]() const;Defined DefinedKind
lib/libLLVMSupport.a(Path.cpp.o);lib/libLLVMSupport.a(Process.cpp.o);llvm::sys::Process::SafelyCloseFileDescriptor(int);Defined DefinedKind
lib/libLLVMSupport.a(Path.cpp.o);lib/libLLVMSupport.a(Process.cpp.o);llvm::sys::Process::GetRandomNumber();Defined DefinedKind
lib/libLLVMSupport.a(Path.cpp.o);lib/libLLVMSupport.a(Process.cpp.o);llvm::sys::Process::getPageSize();Defined DefinedKind
lib/libLLVMSupport.a(MD5.cpp.o);lib/libLLVMSupport.a(raw_ostream.cpp.o);llvm::raw_ostream::SetBufferAndMode(char*, unsigned long, llvm::raw_ostream::BufferKind);Defined DefinedKind
lib/libLLVMSupport.a(MD5.cpp.o);lib/libLLVMSupport.a(raw_ostream.cpp.o);llvm::raw_ostream::operator<<(llvm::format_object_base const&);Defined DefinedKind
lib/libLLVMSupport.a(MD5.cpp.o);lib/libLLVMSupport.a(raw_ostream.cpp.o);llvm::raw_ostream::~raw_ostream();Defined DefinedKind
lib/libLLVMSupport.a(MD5.cpp.o);lib/libLLVMSupport.a(raw_ostream.cpp.o);llvm::format_object_base::home();Defined DefinedKind
lib/libLLVMSupport.a(Process.cpp.o);lib/libLLVMSupport.a(Error.cpp.o);llvm::errorCodeToError(std::error_code);Defined DefinedKind
lib/libLLVMSupport.a(Process.cpp.o);lib/libLLVMSupport.a(ManagedStatic.cpp.o);llvm::ManagedStaticBase::RegisterManagedStatic(void* (*)(), void (*)(void*)) const;Defined DefinedKind
lib/libLLVMSupport.a(Process.cpp.o);lib/libLLVMSupport.a(StringRef.cpp.o);guard variable for llvm::hashing::detail::get_execution_seed()::seed;Defined DefinedKind
lib/libLLVMSupport.a(Process.cpp.o);lib/libLLVMSupport.a(StringRef.cpp.o);llvm::hashing::detail::get_execution_seed()::seed;Defined DefinedKind
lib/libLLVMSupport.a(Process.cpp.o);lib/libLLVMSupport.a(Hashing.cpp.o);llvm::hashing::detail::fixed_seed_override;Defined DefinedKind
lib/libLLVMSupport.a(Process.cpp.o);lib/libLLVMSupport.a(Path.cpp.o);llvm::sys::path::append(llvm::SmallVectorImpl<char>&, llvm::Twine const&, llvm::Twine const&, llvm::Twine const&, llvm::Twine const&);Defined DefinedKind
lib/libLLVMSupport.a(Process.cpp.o);lib/libLLVMSupport.a(Path.cpp.o);llvm::sys::fs::access(llvm::Twine const&, llvm::sys::fs::AccessMode);Defined DefinedKind
lib/libLLVMSupport.a(Process.cpp.o);lib/libLLVMSupport.a(StringExtras.cpp.o);llvm::SplitString(llvm::StringRef, llvm::SmallVectorImpl<llvm::StringRef>&, llvm::StringRef);Defined DefinedKind
lib/libLLVMSupport.a(CrashRecoveryContext.cpp.o);lib/libLLVMSupport.a(ManagedStatic.cpp.o);llvm::ManagedStaticBase::RegisterManagedStatic(void* (*)(), void (*)(void*)) const;Defined DefinedKind
lib/libLLVMSupport.a(StringExtras.cpp.o);lib/libLLVMSupport.a(StringRef.cpp.o);llvm::StringRef::compare_lower(llvm::StringRef) const;Defined DefinedKind
lib/libLLVMSupport.a(StringExtras.cpp.o);lib/libLLVMSupport.a(StringRef.cpp.o);llvm::StringRef::find_first_not_of(llvm::StringRef, unsigned long) const;Defined DefinedKind
lib/libLLVMSupport.a(StringExtras.cpp.o);lib/libLLVMSupport.a(StringRef.cpp.o);llvm::StringRef::find_first_of(llvm::StringRef, unsigned long) const;Defined DefinedKind
lib/libLLVMSupport.a(StringExtras.cpp.o);lib/libLLVMSupport.a(raw_ostream.cpp.o);llvm::raw_ostream::write(unsigned char);Defined DefinedKind
lib/libLLVMSupport.a(StringExtras.cpp.o);lib/libLLVMSupport.a(raw_ostream.cpp.o);llvm::raw_ostream::write(char const*, unsigned long);Defined DefinedKind
lib/libLLVMSupport.a(Program.cpp.o);lib/libLLVMSupport.a(MemAlloc.cpp.o);llvm::deallocate_buffer(void*, unsigned long, unsigned long);Defined DefinedKind
lib/libLLVMSupport.a(Program.cpp.o);lib/libLLVMSupport.a(StringSaver.cpp.o);llvm::StringSaver::save(llvm::StringRef);Defined DefinedKind
lib/libLLVMSupport.a(Program.cpp.o);lib/libLLVMSupport.a(StringRef.cpp.o);llvm::StringRef::find_first_of(llvm::StringRef, unsigned long) const;Defined DefinedKind
lib/libLLVMSupport.a(Program.cpp.o);lib/libLLVMSupport.a(raw_ostream.cpp.o);llvm::raw_ostream::write(unsigned char);Defined DefinedKind
lib/libLLVMSupport.a(Program.cpp.o);lib/libLLVMSupport.a(raw_ostream.cpp.o);llvm::raw_ostream::write(char const*, unsigned long);Defined DefinedKind
lib/libLLVMSupport.a(Program.cpp.o);lib/libLLVMSupport.a(raw_ostream.cpp.o);llvm::raw_fd_ostream::raw_fd_ostream(llvm::StringRef, std::error_code&, llvm::sys::fs::OpenFlags);Defined DefinedKind
lib/libLLVMSupport.a(Program.cpp.o);lib/libLLVMSupport.a(raw_ostream.cpp.o);llvm::raw_fd_ostream::~raw_fd_ostream();Defined DefinedKind
lib/libLLVMSupport.a(Program.cpp.o);lib/libLLVMSupport.a(Path.cpp.o);llvm::sys::path::append(llvm::SmallVectorImpl<char>&, llvm::Twine const&, llvm::Twine const&, llvm::Twine const&, llvm::Twine const&);Defined DefinedKind
lib/libLLVMSupport.a(Program.cpp.o);lib/libLLVMSupport.a(Path.cpp.o);llvm::sys::fs::can_execute(llvm::Twine const&);Defined DefinedKind
lib/libLLVMSupport.a(Program.cpp.o);lib/libLLVMSupport.a(Path.cpp.o);llvm::sys::fs::access(llvm::Twine const&, llvm::sys::fs::AccessMode);Defined DefinedKind
lib/libLLVMSupport.a(Program.cpp.o);lib/libLLVMSupport.a(StringExtras.cpp.o);llvm::SplitString(llvm::StringRef, llvm::SmallVectorImpl<llvm::StringRef>&, llvm::StringRef);Defined DefinedKind
lib/libLLVMSupport.a(Program.cpp.o);lib/libLLVMSupport.a(Errno.cpp.o);llvm::sys::StrError[abi:cxx11](int);Defined DefinedKind
lib/libLLVMSupport.a(Signals.cpp.o);lib/libLLVMSupport.a(CommandLine.cpp.o);llvm::cl::basic_parser_impl::getOptionWidth(llvm::cl::Option const&) const;Defined DefinedKind
lib/libLLVMSupport.a(Signals.cpp.o);lib/libLLVMSupport.a(CommandLine.cpp.o);llvm::cl::parser<bool>::parse(llvm::cl::Option&, llvm::StringRef, llvm::StringRef, bool&);Defined DefinedKind
lib/libLLVMSupport.a(Signals.cpp.o);lib/libLLVMSupport.a(CommandLine.cpp.o);llvm::cl::parser<std::__cxx11::basic_string<char, std::char_traits<char>, std::allocator<char> > >::printOptionDiff(llvm::cl::Option const&, llvm::StringRef, llvm::cl::OptionValue<std::__cxx11::basic_string<char, std::char_traits<char>, std::allocator<char> > > const&, unsigned long) const;Defined DefinedKind
lib/libLLVMSupport.a(Signals.cpp.o);lib/libLLVMSupport.a(CommandLine.cpp.o);llvm::cl::parser<bool>::printOptionDiff(llvm::cl::Option const&, bool, llvm::cl::OptionValue<bool>, unsigned long) const;Defined DefinedKind
lib/libLLVMSupport.a(Signals.cpp.o);lib/libLLVMSupport.a(CommandLine.cpp.o);llvm::cl::basic_parser_impl::printOptionInfo(llvm::cl::Option const&, unsigned long) const;Defined DefinedKind
lib/libLLVMSupport.a(Signals.cpp.o);lib/libLLVMSupport.a(CommandLine.cpp.o);llvm::cl::Option::addOccurrence(unsigned int, llvm::StringRef, llvm::StringRef, bool);Defined DefinedKind
lib/libLLVMSupport.a(Signals.cpp.o);lib/libLLVMSupport.a(CommandLine.cpp.o);llvm::cl::Option::anchor();Defined DefinedKind
lib/libLLVMSupport.a(Signals.cpp.o);lib/libLLVMSupport.a(CommandLine.cpp.o);llvm::cl::GenericOptionValue::anchor();Defined DefinedKind
lib/libLLVMSupport.a(Signals.cpp.o);lib/libLLVMSupport.a(CommandLine.cpp.o);llvm::cl::Option::addArgument();Defined DefinedKind
lib/libLLVMSupport.a(Signals.cpp.o);lib/libLLVMSupport.a(CommandLine.cpp.o);llvm::cl::Option::error(llvm::Twine const&, llvm::StringRef, llvm::raw_ostream&);Defined DefinedKind
lib/libLLVMSupport.a(Signals.cpp.o);lib/libLLVMSupport.a(CommandLine.cpp.o);llvm::cl::Option::setArgStr(llvm::StringRef);Defined DefinedKind
lib/libLLVMSupport.a(Signals.cpp.o);lib/libLLVMSupport.a(CommandLine.cpp.o);llvm::cl::GeneralCategory;Defined DefinedKind
lib/libLLVMSupport.a(Signals.cpp.o);lib/libLLVMSupport.a(ErrorHandling.cpp.o);llvm::report_bad_alloc_error(char const*, bool);Defined DefinedKind
lib/libLLVMSupport.a(Signals.cpp.o);lib/libLLVMSupport.a(ErrorHandling.cpp.o);llvm::report_fatal_error(char const*, bool);Defined DefinedKind
lib/libLLVMSupport.a(Signals.cpp.o);lib/libLLVMSupport.a(FormatVariadic.cpp.o);llvm::detail::format_adapter::anchor();Defined DefinedKind
lib/libLLVMSupport.a(Signals.cpp.o);lib/libLLVMSupport.a(ManagedStatic.cpp.o);llvm::ManagedStaticBase::RegisterManagedStatic(void* (*)(), void (*)(void*)) const;Defined DefinedKind
lib/libLLVMSupport.a(Signals.cpp.o);lib/libLLVMSupport.a(MemAlloc.cpp.o);llvm::deallocate_buffer(void*, unsigned long, unsigned long);Defined DefinedKind
lib/libLLVMSupport.a(Signals.cpp.o);lib/libLLVMSupport.a(MemoryBuffer.cpp.o);llvm::MemoryBuffer::getFile(llvm::Twine const&, bool, bool, bool);Defined DefinedKind
lib/libLLVMSupport.a(Signals.cpp.o);lib/libLLVMSupport.a(NativeFormatting.cpp.o);llvm::write_hex(llvm::raw_ostream&, unsigned long, llvm::HexPrintStyle, llvm::Optional<unsigned long>);Defined DefinedKind
lib/libLLVMSupport.a(Signals.cpp.o);lib/libLLVMSupport.a(NativeFormatting.cpp.o);llvm::isPrefixedHexStyle(llvm::HexPrintStyle);Defined DefinedKind
lib/libLLVMSupport.a(Signals.cpp.o);lib/libLLVMSupport.a(NativeFormatting.cpp.o);llvm::write_integer(llvm::raw_ostream&, int, unsigned long, llvm::IntegerStyle);Defined DefinedKind
lib/libLLVMSupport.a(Signals.cpp.o);lib/libLLVMSupport.a(StringRef.cpp.o);llvm::StringRef::find(llvm::StringRef, unsigned long) const;Defined DefinedKind
lib/libLLVMSupport.a(Signals.cpp.o);lib/libLLVMSupport.a(StringRef.cpp.o);llvm::StringRef::startswith_lower(llvm::StringRef) const;Defined DefinedKind
lib/libLLVMSupport.a(Signals.cpp.o);lib/libLLVMSupport.a(StringRef.cpp.o);llvm::consumeUnsignedInteger(llvm::StringRef&, unsigned int, unsigned long long&);Defined DefinedKind
lib/libLLVMSupport.a(Signals.cpp.o);lib/libLLVMSupport.a(StringRef.cpp.o);llvm::StringRef::split(llvm::SmallVectorImpl<llvm::StringRef>&, llvm::StringRef, int, bool) const;Defined DefinedKind
lib/libLLVMSupport.a(Signals.cpp.o);lib/libLLVMSupport.a(Twine.cpp.o);llvm::Twine::toVector(llvm::SmallVectorImpl<char>&) const;Defined DefinedKind
lib/libLLVMSupport.a(Signals.cpp.o);lib/libLLVMSupport.a(raw_ostream.cpp.o);llvm::raw_ostream::operator<<(llvm::FormattedString const&);Defined DefinedKind
lib/libLLVMSupport.a(Signals.cpp.o);lib/libLLVMSupport.a(raw_ostream.cpp.o);llvm::raw_string_ostream::~raw_string_ostream();Defined DefinedKind
lib/libLLVMSupport.a(Signals.cpp.o);lib/libLLVMSupport.a(raw_ostream.cpp.o);llvm::raw_ostream::flush_nonempty();Defined DefinedKind
lib/libLLVMSupport.a(Signals.cpp.o);lib/libLLVMSupport.a(raw_ostream.cpp.o);llvm::raw_ostream::operator<<(llvm::formatv_object_base const&);Defined DefinedKind
lib/libLLVMSupport.a(Signals.cpp.o);lib/libLLVMSupport.a(raw_ostream.cpp.o);llvm::errs();Defined DefinedKind
lib/libLLVMSupport.a(Signals.cpp.o);lib/libLLVMSupport.a(raw_ostream.cpp.o);llvm::raw_ostream::write(unsigned char);Defined DefinedKind
lib/libLLVMSupport.a(Signals.cpp.o);lib/libLLVMSupport.a(raw_ostream.cpp.o);llvm::raw_ostream::SetBufferAndMode(char*, unsigned long, llvm::raw_ostream::BufferKind);Defined DefinedKind
lib/libLLVMSupport.a(Signals.cpp.o);lib/libLLVMSupport.a(raw_ostream.cpp.o);llvm::raw_ostream::operator<<(llvm::FormattedNumber const&);Defined DefinedKind
lib/libLLVMSupport.a(Signals.cpp.o);lib/libLLVMSupport.a(raw_ostream.cpp.o);llvm::raw_fd_ostream::~raw_fd_ostream();Defined DefinedKind
lib/libLLVMSupport.a(Signals.cpp.o);lib/libLLVMSupport.a(raw_ostream.cpp.o);llvm::raw_ostream::write(char const*, unsigned long);Defined DefinedKind
lib/libLLVMSupport.a(Signals.cpp.o);lib/libLLVMSupport.a(raw_ostream.cpp.o);llvm::raw_ostream::operator<<(void const*);Defined DefinedKind
lib/libLLVMSupport.a(Signals.cpp.o);lib/libLLVMSupport.a(raw_ostream.cpp.o);llvm::raw_fd_ostream::raw_fd_ostream(int, bool, bool, llvm::raw_ostream::OStreamKind);Defined DefinedKind
lib/libLLVMSupport.a(Signals.cpp.o);lib/libLLVMSupport.a(Path.cpp.o);llvm::sys::fs::createTemporaryFile(llvm::Twine const&, llvm::StringRef, llvm::SmallVectorImpl<char>&, llvm::sys::fs::OpenFlags);Defined DefinedKind
lib/libLLVMSupport.a(Signals.cpp.o);lib/libLLVMSupport.a(Path.cpp.o);llvm::sys::fs::remove(llvm::Twine const&, bool);Defined DefinedKind
lib/libLLVMSupport.a(Signals.cpp.o);lib/libLLVMSupport.a(Path.cpp.o);llvm::sys::fs::getMainExecutable[abi:cxx11](char const*, void*);Defined DefinedKind
lib/libLLVMSupport.a(Signals.cpp.o);lib/libLLVMSupport.a(Path.cpp.o);llvm::sys::path::parent_path(llvm::StringRef, llvm::sys::path::Style);Defined DefinedKind
lib/libLLVMSupport.a(Signals.cpp.o);lib/libLLVMSupport.a(Path.cpp.o);llvm::sys::fs::createTemporaryFile(llvm::Twine const&, llvm::StringRef, int&, llvm::SmallVectorImpl<char>&, llvm::sys::fs::OpenFlags);Defined DefinedKind
lib/libLLVMSupport.a(Signals.cpp.o);lib/libLLVMSupport.a(Path.cpp.o);llvm::sys::fs::access(llvm::Twine const&, llvm::sys::fs::AccessMode);Defined DefinedKind
lib/libLLVMSupport.a(Signals.cpp.o);lib/libLLVMSupport.a(Program.cpp.o);llvm::sys::ExecuteAndWait(llvm::StringRef, llvm::ArrayRef<llvm::StringRef>, llvm::Optional<llvm::ArrayRef<llvm::StringRef> >, llvm::ArrayRef<llvm::Optional<llvm::StringRef> >, unsigned int, unsigned int, std::__cxx11::basic_string<char, std::char_traits<char>, std::allocator<char> >*, bool*, llvm::Optional<llvm::sys::ProcessStatistics>*, llvm::BitVector*);Defined DefinedKind
lib/libLLVMSupport.a(Signals.cpp.o);lib/libLLVMSupport.a(Program.cpp.o);llvm::sys::findProgramByName[abi:cxx11](llvm::StringRef, llvm::ArrayRef<llvm::StringRef>);Defined DefinedKind
lib/libLLVMSupport.a(Signals.cpp.o);lib/libLLVMSupport.a(Threading.cpp.o);llvm::llvm_is_multithreaded();Defined DefinedKind
lib/libLLVMSupport.a(TargetRegistry.cpp.o);lib/libLLVMSupport.a(Triple.cpp.o);llvm::Triple::Triple(llvm::Twine const&);Defined DefinedKind
lib/libLLVMSupport.a(TargetRegistry.cpp.o);lib/libLLVMSupport.a(raw_ostream.cpp.o);llvm::raw_ostream::indent(unsigned int);Defined DefinedKind
lib/libLLVMSupport.a(TargetRegistry.cpp.o);lib/libLLVMSupport.a(raw_ostream.cpp.o);llvm::raw_ostream::write(char const*, unsigned long);Defined DefinedKind
lib/libLLVMSupport.a(TargetRegistry.cpp.o);lib/libLLVMSupport.a(raw_ostream.cpp.o);llvm::raw_ostream::write(unsigned char);Defined DefinedKind
lib/libLLVMSupport.a(Threading.cpp.o);lib/libLLVMSupport.a(ErrorHandling.cpp.o);llvm::report_fatal_error(std::__cxx11::basic_string<char, std::char_traits<char>, std::allocator<char> > const&, bool);Defined DefinedKind
lib/libLLVMSupport.a(Threading.cpp.o);lib/libLLVMSupport.a(MemAlloc.cpp.o);llvm::deallocate_buffer(void*, unsigned long, unsigned long);Defined DefinedKind
lib/libLLVMSupport.a(Threading.cpp.o);lib/libLLVMSupport.a(StringRef.cpp.o);llvm::getAsUnsignedInteger(llvm::StringRef, unsigned int, unsigned long long&);Defined DefinedKind
lib/libLLVMSupport.a(Threading.cpp.o);lib/libLLVMSupport.a(Twine.cpp.o);llvm::Twine::toNullTerminatedStringRef(llvm::SmallVectorImpl<char>&) const;Defined DefinedKind
lib/libLLVMSupport.a(Threading.cpp.o);lib/libLLVMSupport.a(Errno.cpp.o);llvm::sys::StrError[abi:cxx11](int);Defined DefinedKind
lib/libLLVMBitReader.a(BitcodeReader.cpp.o);lib/libLLVMSupport.a(CommandLine.cpp.o);llvm::cl::GenericOptionValue::anchor();Defined DefinedKind
lib/libLLVMBitReader.a(BitcodeReader.cpp.o);lib/libLLVMSupport.a(CommandLine.cpp.o);llvm::cl::Option::addArgument();Defined DefinedKind
lib/libLLVMBitReader.a(BitcodeReader.cpp.o);lib/libLLVMSupport.a(CommandLine.cpp.o);llvm::cl::Option::setArgStr(llvm::StringRef);Defined DefinedKind
lib/libLLVMBitReader.a(BitcodeReader.cpp.o);lib/libLLVMSupport.a(CommandLine.cpp.o);llvm::cl::GeneralCategory;Defined DefinedKind
lib/libLLVMBitReader.a(BitcodeReader.cpp.o);lib/libLLVMSupport.a(Error.cpp.o);llvm::createStringError(std::error_code, char const*);Defined DefinedKind
lib/libLLVMBitReader.a(BitcodeReader.cpp.o);lib/libLLVMSupport.a(Error.cpp.o);llvm::ErrorList::ID;Defined DefinedKind
lib/libLLVMBitReader.a(BitcodeReader.cpp.o);lib/libLLVMSupport.a(Error.cpp.o);llvm::StringError::StringError(llvm::Twine const&, std::error_code);Defined DefinedKind
lib/libLLVMBitReader.a(BitcodeReader.cpp.o);lib/libLLVMSupport.a(Error.cpp.o);llvm::errorCodeToError(std::error_code);Defined DefinedKind
lib/libLLVMBitReader.a(BitcodeReader.cpp.o);lib/libLLVMSupport.a(Error.cpp.o);llvm::ErrorInfoBase::ID;Defined DefinedKind
lib/libLLVMBitReader.a(BitcodeReader.cpp.o);lib/libLLVMSupport.a(ManagedStatic.cpp.o);llvm::ManagedStaticBase::RegisterManagedStatic(void* (*)(), void (*)(void*)) const;Defined DefinedKind
lib/libLLVMBitReader.a(BitcodeReader.cpp.o);lib/libLLVMSupport.a(MemAlloc.cpp.o);llvm::deallocate_buffer(void*, unsigned long, unsigned long);Defined DefinedKind
lib/libLLVMBitReader.a(BitcodeReader.cpp.o);lib/libLLVMSupport.a(MemAlloc.cpp.o);llvm::allocate_buffer(unsigned long, unsigned long);Defined DefinedKind
lib/libLLVMBitReader.a(BitcodeReader.cpp.o);lib/libLLVMSupport.a(MemoryBuffer.cpp.o);llvm::MemoryBuffer::getFileOrSTDIN(llvm::Twine const&, bool, bool);Defined DefinedKind
lib/libLLVMBitReader.a(BitcodeReader.cpp.o);lib/libLLVMSupport.a(StringMap.cpp.o);llvm::StringMapImpl::LookupBucketFor(llvm::StringRef);Defined DefinedKind
lib/libLLVMBitReader.a(BitcodeReader.cpp.o);lib/libLLVMSupport.a(StringMap.cpp.o);llvm::StringMapImpl::FindKey(llvm::StringRef) const;Defined DefinedKind
lib/libLLVMBitReader.a(BitcodeReader.cpp.o);lib/libLLVMSupport.a(StringMap.cpp.o);llvm::StringMapImpl::RehashTable(unsigned int);Defined DefinedKind
lib/libLLVMBitReader.a(BitcodeReader.cpp.o);lib/libLLVMSupport.a(StringSaver.cpp.o);llvm::StringSaver::save(llvm::StringRef);Defined DefinedKind
lib/libLLVMBitReader.a(BitcodeReader.cpp.o);lib/libLLVMSupport.a(APFloat.cpp.o);llvm::APFloatBase::PPCDoubleDouble();Defined DefinedKind
lib/libLLVMBitReader.a(BitcodeReader.cpp.o);lib/libLLVMSupport.a(APFloat.cpp.o);llvm::APFloatBase::IEEEsingle();Defined DefinedKind
lib/libLLVMBitReader.a(BitcodeReader.cpp.o);lib/libLLVMSupport.a(APFloat.cpp.o);llvm::detail::IEEEFloat::~IEEEFloat();Defined DefinedKind
lib/libLLVMBitReader.a(BitcodeReader.cpp.o);lib/libLLVMSupport.a(APFloat.cpp.o);llvm::APFloatBase::IEEEquad();Defined DefinedKind
lib/libLLVMBitReader.a(BitcodeReader.cpp.o);lib/libLLVMSupport.a(APFloat.cpp.o);llvm::APFloatBase::x87DoubleExtended();Defined DefinedKind
lib/libLLVMBitReader.a(BitcodeReader.cpp.o);lib/libLLVMSupport.a(APFloat.cpp.o);llvm::APFloatBase::IEEEdouble();Defined DefinedKind
lib/libLLVMBitReader.a(BitcodeReader.cpp.o);lib/libLLVMSupport.a(APFloat.cpp.o);llvm::APFloatBase::BFloat();Defined DefinedKind
lib/libLLVMBitReader.a(BitcodeReader.cpp.o);lib/libLLVMSupport.a(APFloat.cpp.o);llvm::APFloatBase::IEEEhalf();Defined DefinedKind
lib/libLLVMBitReader.a(BitcodeReader.cpp.o);lib/libLLVMSupport.a(APFloat.cpp.o);llvm::detail::IEEEFloat::IEEEFloat(llvm::fltSemantics const&, llvm::APInt const&);Defined DefinedKind
lib/libLLVMBitReader.a(BitcodeReader.cpp.o);lib/libLLVMSupport.a(APFloat.cpp.o);llvm::detail::DoubleAPFloat::DoubleAPFloat(llvm::fltSemantics const&, llvm::APInt const&);Defined DefinedKind
lib/libLLVMBitReader.a(BitcodeReader.cpp.o);lib/libLLVMSupport.a(APInt.cpp.o);llvm::APInt::operator++();Defined DefinedKind
lib/libLLVMBitReader.a(BitcodeReader.cpp.o);lib/libLLVMSupport.a(APInt.cpp.o);llvm::APInt::APInt(unsigned int, llvm::ArrayRef<unsigned long>);Defined DefinedKind
lib/libLLVMBitReader.a(BitcodeReader.cpp.o);lib/libLLVMSupport.a(APInt.cpp.o);llvm::APInt::compare(llvm::APInt const&) const;Defined DefinedKind
lib/libLLVMBitReader.a(BitcodeReader.cpp.o);lib/libLLVMSupport.a(APInt.cpp.o);llvm::APInt::initSlowCase(llvm::APInt const&);Defined DefinedKind
lib/libLLVMBitReader.a(BitcodeReader.cpp.o);lib/libLLVMSupport.a(Triple.cpp.o);llvm::Triple::Triple(llvm::Twine const&);Defined DefinedKind
lib/libLLVMBitReader.a(BitcodeReader.cpp.o);lib/libLLVMSupport.a(Twine.cpp.o);llvm::Twine::str[abi:cxx11]() const;Defined DefinedKind
lib/libLLVMBitReader.a(BitcodeReader.cpp.o);lib/libLLVMSupport.a(TypeSize.cpp.o);llvm::TypeSize::operator unsigned long() const;Defined DefinedKind
lib/libLLVMBitReader.a(BitcodeReader.cpp.o);lib/libLLVMSupport.a(raw_ostream.cpp.o);llvm::raw_ostream::operator<<(llvm::format_object_base const&);Defined DefinedKind
lib/libLLVMBitReader.a(BitcodeReader.cpp.o);lib/libLLVMSupport.a(raw_ostream.cpp.o);llvm::format_object_base::home();Defined DefinedKind
lib/libLLVMBitReader.a(BitcodeReader.cpp.o);lib/libLLVMSupport.a(raw_ostream.cpp.o);llvm::raw_string_ostream::~raw_string_ostream();Defined DefinedKind
lib/libLLVMBitReader.a(BitcodeReader.cpp.o);lib/libLLVMSupport.a(raw_ostream.cpp.o);llvm::raw_ostream::write(char const*, unsigned long);Defined DefinedKind
lib/libLLVMBitReader.a(BitcodeReader.cpp.o);lib/libLLVMSupport.a(raw_ostream.cpp.o);llvm::raw_ostream::flush_nonempty();Defined DefinedKind
lib/libLLVMBitReader.a(BitcodeReader.cpp.o);lib/libLLVMSupport.a(raw_ostream.cpp.o);llvm::raw_ostream::operator<<(unsigned long);Defined DefinedKind
lib/libLLVMBitReader.a(BitcodeReader.cpp.o);lib/libLLVMSupport.a(raw_ostream.cpp.o);llvm::raw_ostream::SetBufferAndMode(char*, unsigned long, llvm::raw_ostream::BufferKind);Defined DefinedKind
lib/libLLVMBitReader.a(BitcodeReader.cpp.o);lib/libLLVMBitstreamReader.a(BitstreamReader.cpp.o);llvm::BitstreamCursor::ReadAbbrevRecord();Defined DefinedKind
lib/libLLVMBitReader.a(BitcodeReader.cpp.o);lib/libLLVMBitstreamReader.a(BitstreamReader.cpp.o);llvm::BitstreamCursor::ReadBlockInfoBlock(bool);Defined DefinedKind
lib/libLLVMBitReader.a(BitcodeReader.cpp.o);lib/libLLVMBitstreamReader.a(BitstreamReader.cpp.o);llvm::BitstreamCursor::skipRecord(unsigned int);Defined DefinedKind
lib/libLLVMBitReader.a(BitcodeReader.cpp.o);lib/libLLVMBitstreamReader.a(BitstreamReader.cpp.o);llvm::BitstreamCursor::readRecord(unsigned int, llvm::SmallVectorImpl<unsigned long>&, llvm::StringRef*);Defined DefinedKind
lib/libLLVMBitReader.a(BitcodeReader.cpp.o);lib/libLLVMBitstreamReader.a(BitstreamReader.cpp.o);llvm::BitstreamCursor::EnterSubBlock(unsigned int, unsigned int*);Defined DefinedKind
lib/libLLVMBitReader.a(BitcodeReader.cpp.o);lib/libLLVMBitReader.a(MetadataLoader.cpp.o);llvm::MetadataLoader::shrinkTo(unsigned int);Defined DefinedKind
lib/libLLVMBitReader.a(BitcodeReader.cpp.o);lib/libLLVMBitReader.a(MetadataLoader.cpp.o);llvm::MetadataLoader::~MetadataLoader();Defined DefinedKind
lib/libLLVMBitReader.a(BitcodeReader.cpp.o);lib/libLLVMBitReader.a(MetadataLoader.cpp.o);llvm::MetadataLoader::parseMetadataAttachment(llvm::Function&, llvm::SmallVectorImpl<llvm::Instruction*> const&);Defined DefinedKind
lib/libLLVMBitReader.a(BitcodeReader.cpp.o);lib/libLLVMBitReader.a(MetadataLoader.cpp.o);llvm::MetadataLoader::size() const;Defined DefinedKind
lib/libLLVMBitReader.a(BitcodeReader.cpp.o);lib/libLLVMBitReader.a(MetadataLoader.cpp.o);llvm::MetadataLoader::hasFwdRefs() const;Defined DefinedKind
lib/libLLVMBitReader.a(BitcodeReader.cpp.o);lib/libLLVMBitReader.a(MetadataLoader.cpp.o);llvm::MetadataLoader::lookupSubprogramForFunction(llvm::Function*);Defined DefinedKind
lib/libLLVMBitReader.a(BitcodeReader.cpp.o);lib/libLLVMBitReader.a(MetadataLoader.cpp.o);llvm::MetadataLoader::MetadataLoader(llvm::BitstreamCursor&, llvm::Module&, llvm::BitcodeReaderValueList&, bool, std::function<llvm::Type* (unsigned int)>);Defined DefinedKind
lib/libLLVMBitReader.a(BitcodeReader.cpp.o);lib/libLLVMBitReader.a(MetadataLoader.cpp.o);llvm::MetadataLoader::operator=(llvm::MetadataLoader&&);Defined DefinedKind
lib/libLLVMBitReader.a(BitcodeReader.cpp.o);lib/libLLVMBitReader.a(MetadataLoader.cpp.o);llvm::MetadataLoader::MetadataLoader(llvm::MetadataLoader&&);Defined DefinedKind
lib/libLLVMBitReader.a(BitcodeReader.cpp.o);lib/libLLVMBitReader.a(MetadataLoader.cpp.o);llvm::MetadataLoader::parseMetadataKinds();Defined DefinedKind
lib/libLLVMBitReader.a(BitcodeReader.cpp.o);lib/libLLVMBitReader.a(MetadataLoader.cpp.o);llvm::MetadataLoader::getMetadataFwdRefOrLoad(unsigned int);Defined DefinedKind
lib/libLLVMBitReader.a(BitcodeReader.cpp.o);lib/libLLVMBitReader.a(MetadataLoader.cpp.o);llvm::MetadataLoader::upgradeDebugIntrinsics(llvm::Function&);Defined DefinedKind
lib/libLLVMBitReader.a(BitcodeReader.cpp.o);lib/libLLVMBitReader.a(MetadataLoader.cpp.o);llvm::MetadataLoader::setStripTBAA(bool);Defined DefinedKind
lib/libLLVMBitReader.a(BitcodeReader.cpp.o);lib/libLLVMBitReader.a(MetadataLoader.cpp.o);llvm::MetadataLoader::parseMetadata(bool);Defined DefinedKind
lib/libLLVMBitReader.a(BitcodeReader.cpp.o);lib/libLLVMBitReader.a(MetadataLoader.cpp.o);llvm::MetadataLoader::isStrippingTBAA();Defined DefinedKind
lib/libLLVMBitReader.a(BitcodeReader.cpp.o);lib/libLLVMBitReader.a(ValueList.cpp.o);llvm::BitcodeReaderValueList::resolveConstantForwardRefs();Defined DefinedKind
lib/libLLVMBitReader.a(BitcodeReader.cpp.o);lib/libLLVMBitReader.a(ValueList.cpp.o);llvm::BitcodeReaderValueList::getValueFwdRef(unsigned int, llvm::Type*);Defined DefinedKind
lib/libLLVMBitReader.a(BitcodeReader.cpp.o);lib/libLLVMBitReader.a(ValueList.cpp.o);llvm::BitcodeReaderValueList::getConstantFwdRef(unsigned int, llvm::Type*);Defined DefinedKind
lib/libLLVMBitReader.a(BitcodeReader.cpp.o);lib/libLLVMBitReader.a(ValueList.cpp.o);llvm::BitcodeReaderValueList::assignValue(llvm::Value*, unsigned int);Defined DefinedKind
lib/libLLVMBitReader.a(BitcodeReader.cpp.o);lib/libLLVMCore.a(Attributes.cpp.o);llvm::AttrBuilder::addStackAlignmentAttr(llvm::MaybeAlign);Defined DefinedKind
lib/libLLVMBitReader.a(BitcodeReader.cpp.o);lib/libLLVMCore.a(Attributes.cpp.o);llvm::AttributeList::get(llvm::LLVMContext&, llvm::ArrayRef<llvm::AttributeList>);Defined DefinedKind
lib/libLLVMBitReader.a(BitcodeReader.cpp.o);lib/libLLVMCore.a(Attributes.cpp.o);llvm::AttrBuilder::addDereferenceableAttr(unsigned long);Defined DefinedKind
lib/libLLVMBitReader.a(BitcodeReader.cpp.o);lib/libLLVMCore.a(Attributes.cpp.o);llvm::AttrBuilder::addDereferenceableOrNullAttr(unsigned long);Defined DefinedKind
lib/libLLVMBitReader.a(BitcodeReader.cpp.o);lib/libLLVMCore.a(Attributes.cpp.o);llvm::AttrBuilder::addAllocSizeAttrFromRawRepr(unsigned long);Defined DefinedKind
lib/libLLVMBitReader.a(BitcodeReader.cpp.o);lib/libLLVMCore.a(Attributes.cpp.o);llvm::AttrBuilder::addPreallocatedAttr(llvm::Type*);Defined DefinedKind
lib/libLLVMBitReader.a(BitcodeReader.cpp.o);lib/libLLVMCore.a(Attributes.cpp.o);llvm::Attribute::getWithInAllocaType(llvm::LLVMContext&, llvm::Type*);Defined DefinedKind
lib/libLLVMBitReader.a(BitcodeReader.cpp.o);lib/libLLVMCore.a(Attributes.cpp.o);llvm::Attribute::getWithStructRetType(llvm::LLVMContext&, llvm::Type*);Defined DefinedKind
lib/libLLVMBitReader.a(BitcodeReader.cpp.o);lib/libLLVMCore.a(Attributes.cpp.o);llvm::AttributeList::addParamAttribute(llvm::LLVMContext&, llvm::ArrayRef<unsigned int>, llvm::Attribute) const;Defined DefinedKind
lib/libLLVMBitReader.a(BitcodeReader.cpp.o);lib/libLLVMCore.a(Attributes.cpp.o);llvm::Attribute::getWithByValType(llvm::LLVMContext&, llvm::Type*);Defined DefinedKind
lib/libLLVMBitReader.a(BitcodeReader.cpp.o);lib/libLLVMCore.a(Attributes.cpp.o);llvm::AttributeList::removeAttribute(llvm::LLVMContext&, unsigned int, llvm::Attribute::AttrKind) const;Defined DefinedKind
lib/libLLVMBitReader.a(BitcodeReader.cpp.o);lib/libLLVMCore.a(Attributes.cpp.o);llvm::AttrBuilder::addAlignmentAttr(llvm::MaybeAlign);Defined DefinedKind
lib/libLLVMBitReader.a(BitcodeReader.cpp.o);lib/libLLVMCore.a(Attributes.cpp.o);llvm::AttributeList::hasParamAttribute(unsigned int, llvm::Attribute::AttrKind) const;Defined DefinedKind
lib/libLLVMBitReader.a(BitcodeReader.cpp.o);lib/libLLVMCore.a(Attributes.cpp.o);llvm::AttributeList::getFnAttributes() const;Defined DefinedKind
lib/libLLVMBitReader.a(BitcodeReader.cpp.o);lib/libLLVMCore.a(Attributes.cpp.o);llvm::AttributeList::get(llvm::LLVMContext&, unsigned int, llvm::AttrBuilder const&);Defined DefinedKind
lib/libLLVMBitReader.a(BitcodeReader.cpp.o);lib/libLLVMCore.a(Attributes.cpp.o);llvm::AttributeList::removeAttributes(llvm::LLVMContext&, unsigned int, llvm::AttrBuilder const&) const;Defined DefinedKind
lib/libLLVMBitReader.a(BitcodeReader.cpp.o);lib/libLLVMCore.a(Attributes.cpp.o);llvm::AttributeFuncs::typeIncompatible(llvm::Type*);Defined DefinedKind
lib/libLLVMBitReader.a(BitcodeReader.cpp.o);lib/libLLVMCore.a(Attributes.cpp.o);llvm::AttrBuilder::addAttribute(llvm::StringRef, llvm::StringRef);Defined DefinedKind
lib/libLLVMBitReader.a(BitcodeReader.cpp.o);lib/libLLVMCore.a(Attributes.cpp.o);llvm::AttrBuilder::addVScaleRangeAttrFromRawRepr(unsigned long);Defined DefinedKind
lib/libLLVMBitReader.a(BitcodeReader.cpp.o);lib/libLLVMCore.a(Attributes.cpp.o);llvm::AttrBuilder::addStructRetAttr(llvm::Type*);Defined DefinedKind
lib/libLLVMBitReader.a(BitcodeReader.cpp.o);lib/libLLVMCore.a(Attributes.cpp.o);llvm::AttrBuilder::addInAllocaAttr(llvm::Type*);Defined DefinedKind
lib/libLLVMBitReader.a(BitcodeReader.cpp.o);lib/libLLVMCore.a(Attributes.cpp.o);llvm::AttrBuilder::addByRefAttr(llvm::Type*);Defined DefinedKind
lib/libLLVMBitReader.a(BitcodeReader.cpp.o);lib/libLLVMCore.a(Attributes.cpp.o);llvm::AttrBuilder::addByValAttr(llvm::Type*);Defined DefinedKind
lib/libLLVMBitReader.a(BitcodeReader.cpp.o);lib/libLLVMCore.a(AutoUpgrade.cpp.o);llvm::UpgradeModuleFlags(llvm::Module&);Defined DefinedKind
lib/libLLVMBitReader.a(BitcodeReader.cpp.o);lib/libLLVMCore.a(AutoUpgrade.cpp.o);llvm::UpgradeBitCastInst(unsigned int, llvm::Value*, llvm::Type*, llvm::Instruction*&);Defined DefinedKind
lib/libLLVMBitReader.a(BitcodeReader.cpp.o);lib/libLLVMCore.a(AutoUpgrade.cpp.o);llvm::UpgradeBitCastExpr(unsigned int, llvm::Constant*, llvm::Type*);Defined DefinedKind
lib/libLLVMBitReader.a(BitcodeReader.cpp.o);lib/libLLVMCore.a(AutoUpgrade.cpp.o);llvm::UpgradeIntrinsicCall(llvm::CallInst*, llvm::Function*);Defined DefinedKind
lib/libLLVMBitReader.a(BitcodeReader.cpp.o);lib/libLLVMCore.a(AutoUpgrade.cpp.o);llvm::UpgradeARCRuntime(llvm::Module&);Defined DefinedKind
lib/libLLVMBitReader.a(BitcodeReader.cpp.o);lib/libLLVMCore.a(AutoUpgrade.cpp.o);llvm::UpgradeAttributes(llvm::AttrBuilder&);Defined DefinedKind
lib/libLLVMBitReader.a(BitcodeReader.cpp.o);lib/libLLVMCore.a(AutoUpgrade.cpp.o);llvm::UpgradeDebugInfo(llvm::Module&);Defined DefinedKind
lib/libLLVMBitReader.a(BitcodeReader.cpp.o);lib/libLLVMCore.a(AutoUpgrade.cpp.o);llvm::UpgradeGlobalVariable(llvm::GlobalVariable*);Defined DefinedKind
lib/libLLVMBitReader.a(BitcodeReader.cpp.o);lib/libLLVMCore.a(AutoUpgrade.cpp.o);llvm::UpgradeIntrinsicFunction(llvm::Function*, llvm::Function*&);Defined DefinedKind
lib/libLLVMBitReader.a(BitcodeReader.cpp.o);lib/libLLVMCore.a(AutoUpgrade.cpp.o);llvm::UpgradeInlineAsmString(std::__cxx11::basic_string<char, std::char_traits<char>, std::allocator<char> >*);Defined DefinedKind
lib/libLLVMBitReader.a(BitcodeReader.cpp.o);lib/libLLVMCore.a(AutoUpgrade.cpp.o);llvm::UpgradeDataLayoutString[abi:cxx11](llvm::StringRef, llvm::StringRef);Defined DefinedKind
lib/libLLVMBitReader.a(BitcodeReader.cpp.o);lib/libLLVMCore.a(AutoUpgrade.cpp.o);llvm::UpgradeFunctionAttributes(llvm::Function&);Defined DefinedKind
lib/libLLVMBitReader.a(BitcodeReader.cpp.o);lib/libLLVMCore.a(BasicBlock.cpp.o);llvm::BasicBlock::BasicBlock(llvm::LLVMContext&, llvm::Twine const&, llvm::Function*, llvm::BasicBlock*);Defined DefinedKind
lib/libLLVMBitReader.a(BitcodeReader.cpp.o);lib/libLLVMCore.a(BasicBlock.cpp.o);llvm::BasicBlock::insertInto(llvm::Function*, llvm::BasicBlock*);Defined DefinedKind
lib/libLLVMBitReader.a(BitcodeReader.cpp.o);lib/libLLVMCore.a(ConstantRange.cpp.o);llvm::ConstantRange::ConstantRange(llvm::APInt, llvm::APInt);Defined DefinedKind
lib/libLLVMBitReader.a(BitcodeReader.cpp.o);lib/libLLVMCore.a(ConstantRange.cpp.o);llvm::ConstantRange::ConstantRange(unsigned int, bool);Defined DefinedKind
lib/libLLVMBitReader.a(BitcodeReader.cpp.o);lib/libLLVMCore.a(Constants.cpp.o);llvm::ConstantExpr::get(unsigned int, llvm::Constant*, unsigned int, llvm::Type*);Defined DefinedKind
lib/libLLVMBitReader.a(BitcodeReader.cpp.o);lib/libLLVMCore.a(Constants.cpp.o);llvm::PoisonValue::get(llvm::Type*);Defined DefinedKind
lib/libLLVMBitReader.a(BitcodeReader.cpp.o);lib/libLLVMCore.a(Constants.cpp.o);llvm::ConstantExpr::getExtractElement(llvm::Constant*, llvm::Constant*, llvm::Type*);Defined DefinedKind
lib/libLLVMBitReader.a(BitcodeReader.cpp.o);lib/libLLVMCore.a(Constants.cpp.o);llvm::ConstantDataVector::get(llvm::LLVMContext&, llvm::ArrayRef<unsigned char>);Defined DefinedKind
lib/libLLVMBitReader.a(BitcodeReader.cpp.o);lib/libLLVMCore.a(Constants.cpp.o);llvm::ConstantInt::get(llvm::Type*, unsigned long, bool);Defined DefinedKind
lib/libLLVMBitReader.a(BitcodeReader.cpp.o);lib/libLLVMCore.a(Constants.cpp.o);llvm::Constant::getNullValue(llvm::Type*);Defined DefinedKind
lib/libLLVMBitReader.a(BitcodeReader.cpp.o);lib/libLLVMCore.a(Constants.cpp.o);llvm::ConstantExpr::get(unsigned int, llvm::Constant*, llvm::Constant*, unsigned int, llvm::Type*);Defined DefinedKind
lib/libLLVMBitReader.a(BitcodeReader.cpp.o);lib/libLLVMCore.a(Constants.cpp.o);llvm::DSOLocalEquivalent::get(llvm::GlobalValue*);Defined DefinedKind
lib/libLLVMBitReader.a(BitcodeReader.cpp.o);lib/libLLVMCore.a(Constants.cpp.o);llvm::ConstantInt::get(llvm::LLVMContext&, llvm::APInt const&);Defined DefinedKind
lib/libLLVMBitReader.a(BitcodeReader.cpp.o);lib/libLLVMCore.a(Constants.cpp.o);llvm::ConstantDataSequential::getImpl(llvm::StringRef, llvm::Type*);Defined DefinedKind
lib/libLLVMBitReader.a(BitcodeReader.cpp.o);lib/libLLVMCore.a(Constants.cpp.o);llvm::ConstantExpr::getSelect(llvm::Constant*, llvm::Constant*, llvm::Constant*, llvm::Type*);Defined DefinedKind
lib/libLLVMBitReader.a(BitcodeReader.cpp.o);lib/libLLVMCore.a(Constants.cpp.o);llvm::ConstantDataArray::getFP(llvm::Type*, llvm::ArrayRef<unsigned int>);Defined DefinedKind
lib/libLLVMBitReader.a(BitcodeReader.cpp.o);lib/libLLVMCore.a(Constants.cpp.o);llvm::ConstantDataVector::getFP(llvm::Type*, llvm::ArrayRef<unsigned int>);Defined DefinedKind
lib/libLLVMBitReader.a(BitcodeReader.cpp.o);lib/libLLVMCore.a(Constants.cpp.o);llvm::ConstantDataArray::getFP(llvm::Type*, llvm::ArrayRef<unsigned long>);Defined DefinedKind
lib/libLLVMBitReader.a(BitcodeReader.cpp.o);lib/libLLVMCore.a(Constants.cpp.o);llvm::ConstantDataArray::getFP(llvm::Type*, llvm::ArrayRef<unsigned short>);Defined DefinedKind
lib/libLLVMBitReader.a(BitcodeReader.cpp.o);lib/libLLVMCore.a(Constants.cpp.o);llvm::ConstantDataVector::get(llvm::LLVMContext&, llvm::ArrayRef<unsigned long>);Defined DefinedKind
lib/libLLVMBitReader.a(BitcodeReader.cpp.o);lib/libLLVMCore.a(Constants.cpp.o);llvm::ConstantDataVector::getFP(llvm::Type*, llvm::ArrayRef<unsigned short>);Defined DefinedKind
lib/libLLVMBitReader.a(BitcodeReader.cpp.o);lib/libLLVMCore.a(Constants.cpp.o);llvm::ConstantDataVector::getFP(llvm::Type*, llvm::ArrayRef<unsigned long>);Defined DefinedKind
lib/libLLVMBitReader.a(BitcodeReader.cpp.o);lib/libLLVMCore.a(Constants.cpp.o);llvm::ConstantExpr::getCast(unsigned int, llvm::Constant*, llvm::Type*, bool);Defined DefinedKind
lib/libLLVMBitReader.a(BitcodeReader.cpp.o);lib/libLLVMCore.a(Constants.cpp.o);llvm::ConstantVector::get(llvm::ArrayRef<llvm::Constant*>);Defined DefinedKind
lib/libLLVMBitReader.a(BitcodeReader.cpp.o);lib/libLLVMCore.a(Constants.cpp.o);llvm::ConstantDataVector::get(llvm::LLVMContext&, llvm::ArrayRef<unsigned int>);Defined DefinedKind
lib/libLLVMBitReader.a(BitcodeReader.cpp.o);lib/libLLVMCore.a(Constants.cpp.o);llvm::ConstantFP::get(llvm::LLVMContext&, llvm::APFloat const&);Defined DefinedKind
lib/libLLVMBitReader.a(BitcodeReader.cpp.o);lib/libLLVMCore.a(Constants.cpp.o);llvm::ConstantExpr::getGetElementPtr(llvm::Type*, llvm::Constant*, llvm::ArrayRef<llvm::Value*>, bool, llvm::Optional<unsigned int>, llvm::Type*);Defined DefinedKind
lib/libLLVMBitReader.a(BitcodeReader.cpp.o);lib/libLLVMCore.a(Constants.cpp.o);llvm::ConstantArray::get(llvm::ArrayType*, llvm::ArrayRef<llvm::Constant*>);Defined DefinedKind
lib/libLLVMBitReader.a(BitcodeReader.cpp.o);lib/libLLVMCore.a(Constants.cpp.o);llvm::ConstantDataVector::get(llvm::LLVMContext&, llvm::ArrayRef<unsigned short>);Defined DefinedKind
lib/libLLVMBitReader.a(BitcodeReader.cpp.o);lib/libLLVMCore.a(Constants.cpp.o);llvm::ConstantExpr::getICmp(unsigned short, llvm::Constant*, llvm::Constant*, bool);Defined DefinedKind
lib/libLLVMBitReader.a(BitcodeReader.cpp.o);lib/libLLVMCore.a(Constants.cpp.o);llvm::ConstantExpr::getFCmp(unsigned short, llvm::Constant*, llvm::Constant*, bool);Defined DefinedKind
lib/libLLVMBitReader.a(BitcodeReader.cpp.o);lib/libLLVMCore.a(Constants.cpp.o);llvm::BlockAddress::get(llvm::Function*, llvm::BasicBlock*);Defined DefinedKind
lib/libLLVMBitReader.a(BitcodeReader.cpp.o);lib/libLLVMCore.a(Constants.cpp.o);llvm::UndefValue::get(llvm::Type*);Defined DefinedKind
lib/libLLVMBitReader.a(BitcodeReader.cpp.o);lib/libLLVMCore.a(Constants.cpp.o);llvm::ConstantStruct::get(llvm::StructType*, llvm::ArrayRef<llvm::Constant*>);Defined DefinedKind
lib/libLLVMBitReader.a(BitcodeReader.cpp.o);lib/libLLVMCore.a(Constants.cpp.o);llvm::ConstantDataArray::getString(llvm::LLVMContext&, llvm::StringRef, bool);Defined DefinedKind
lib/libLLVMBitReader.a(BitcodeReader.cpp.o);lib/libLLVMCore.a(Constants.cpp.o);llvm::ConstantExpr::getShuffleVector(llvm::Constant*, llvm::Constant*, llvm::ArrayRef<int>, llvm::Type*);Defined DefinedKind
lib/libLLVMBitReader.a(BitcodeReader.cpp.o);lib/libLLVMCore.a(Constants.cpp.o);llvm::ConstantExpr::getInsertElement(llvm::Constant*, llvm::Constant*, llvm::Constant*, llvm::Type*);Defined DefinedKind
lib/libLLVMBitReader.a(BitcodeReader.cpp.o);lib/libLLVMCore.a(DataLayout.cpp.o);llvm::DataLayout::getABITypeAlign(llvm::Type*) const;Defined DefinedKind
lib/libLLVMBitReader.a(BitcodeReader.cpp.o);lib/libLLVMCore.a(DataLayout.cpp.o);llvm::DataLayout::getABITypeAlignment(llvm::Type*) const;Defined DefinedKind
lib/libLLVMBitReader.a(BitcodeReader.cpp.o);lib/libLLVMCore.a(DataLayout.cpp.o);llvm::DataLayout::getPrefTypeAlign(llvm::Type*) const;Defined DefinedKind
lib/libLLVMBitReader.a(BitcodeReader.cpp.o);lib/libLLVMCore.a(DataLayout.cpp.o);llvm::DataLayout::getPointerSize(unsigned int) const;Defined DefinedKind
lib/libLLVMBitReader.a(BitcodeReader.cpp.o);lib/libLLVMCore.a(DataLayout.cpp.o);llvm::DataLayout::getStructLayout(llvm::StructType*) const;Defined DefinedKind
lib/libLLVMBitReader.a(BitcodeReader.cpp.o);lib/libLLVMCore.a(DebugInfo.cpp.o);llvm::stripDebugInfo(llvm::Function&);Defined DefinedKind
lib/libLLVMBitReader.a(BitcodeReader.cpp.o);lib/libLLVMCore.a(DebugInfoMetadata.cpp.o);llvm::DILocation::getImpl(llvm::LLVMContext&, unsigned int, unsigned int, llvm::Metadata*, llvm::Metadata*, bool, llvm::Metadata::StorageType, bool);Defined DefinedKind
lib/libLLVMBitReader.a(BitcodeReader.cpp.o);lib/libLLVMCore.a(DebugLoc.cpp.o);llvm::DebugLoc::DebugLoc(llvm::DILocation const*);Defined DefinedKind
lib/libLLVMBitReader.a(BitcodeReader.cpp.o);lib/libLLVMCore.a(Function.cpp.o);llvm::Function::removeParamAttr(unsigned int, llvm::Attribute::AttrKind);Defined DefinedKind
lib/libLLVMBitReader.a(BitcodeReader.cpp.o);lib/libLLVMCore.a(Function.cpp.o);llvm::Function::BuildLazyArguments() const;Defined DefinedKind
lib/libLLVMBitReader.a(BitcodeReader.cpp.o);lib/libLLVMCore.a(Function.cpp.o);llvm::Function::getPersonalityFn() const;Defined DefinedKind
lib/libLLVMBitReader.a(BitcodeReader.cpp.o);lib/libLLVMCore.a(Function.cpp.o);llvm::Intrinsic::remangleIntrinsicFunction(llvm::Function*);Defined DefinedKind
lib/libLLVMBitReader.a(BitcodeReader.cpp.o);lib/libLLVMCore.a(Function.cpp.o);llvm::Function::Function(llvm::FunctionType*, llvm::GlobalValue::LinkageTypes, unsigned int, llvm::Twine const&, llvm::Module*);Defined DefinedKind
lib/libLLVMBitReader.a(BitcodeReader.cpp.o);lib/libLLVMCore.a(Function.cpp.o);llvm::Function::addParamAttr(unsigned int, llvm::Attribute);Defined DefinedKind
lib/libLLVMBitReader.a(BitcodeReader.cpp.o);lib/libLLVMCore.a(Function.cpp.o);llvm::Function::setGC(std::__cxx11::basic_string<char, std::char_traits<char>, std::allocator<char> >);Defined DefinedKind
lib/libLLVMBitReader.a(BitcodeReader.cpp.o);lib/libLLVMCore.a(Function.cpp.o);llvm::Function::eraseFromParent();Defined DefinedKind
lib/libLLVMBitReader.a(BitcodeReader.cpp.o);lib/libLLVMCore.a(Function.cpp.o);llvm::Function::setPersonalityFn(llvm::Constant*);Defined DefinedKind
lib/libLLVMBitReader.a(BitcodeReader.cpp.o);lib/libLLVMCore.a(Function.cpp.o);llvm::Function::setPrologueData(llvm::Constant*);Defined DefinedKind
lib/libLLVMBitReader.a(BitcodeReader.cpp.o);lib/libLLVMCore.a(Function.cpp.o);llvm::Function::setPrefixData(llvm::Constant*);Defined DefinedKind
lib/libLLVMBitReader.a(BitcodeReader.cpp.o);lib/libLLVMCore.a(GVMaterializer.cpp.o);llvm::GVMaterializer::~GVMaterializer();Defined DefinedKind
lib/libLLVMBitReader.a(BitcodeReader.cpp.o);lib/libLLVMCore.a(Globals.cpp.o);llvm::GlobalObject::setSection(llvm::StringRef);Defined DefinedKind
lib/libLLVMBitReader.a(BitcodeReader.cpp.o);lib/libLLVMCore.a(Globals.cpp.o);llvm::GlobalVariable::setInitializer(llvm::Constant*);Defined DefinedKind
lib/libLLVMBitReader.a(BitcodeReader.cpp.o);lib/libLLVMCore.a(Globals.cpp.o);llvm::GlobalVariable::GlobalVariable(llvm::Module&, llvm::Type*, bool, llvm::GlobalValue::LinkageTypes, llvm::Constant*, llvm::Twine const&, llvm::GlobalVariable*, llvm::GlobalValue::ThreadLocalMode, llvm::Optional<unsigned int>, bool);Defined DefinedKind
lib/libLLVMBitReader.a(BitcodeReader.cpp.o);lib/libLLVMCore.a(Globals.cpp.o);llvm::GlobalVariable::eraseFromParent();Defined DefinedKind
lib/libLLVMBitReader.a(BitcodeReader.cpp.o);lib/libLLVMCore.a(Globals.cpp.o);llvm::GlobalIFunc::create(llvm::Type*, unsigned int, llvm::GlobalValue::LinkageTypes, llvm::Twine const&, llvm::Constant*, llvm::Module*);Defined DefinedKind
lib/libLLVMBitReader.a(BitcodeReader.cpp.o);lib/libLLVMCore.a(Globals.cpp.o);llvm::GlobalValue::setPartition(llvm::StringRef);Defined DefinedKind
lib/libLLVMBitReader.a(BitcodeReader.cpp.o);lib/libLLVMCore.a(Globals.cpp.o);llvm::GlobalAlias::create(llvm::Type*, unsigned int, llvm::GlobalValue::LinkageTypes, llvm::Twine const&, llvm::Module*);Defined DefinedKind
lib/libLLVMBitReader.a(BitcodeReader.cpp.o);lib/libLLVMCore.a(Globals.cpp.o);llvm::GlobalObject::setAlignment(llvm::MaybeAlign);Defined DefinedKind
lib/libLLVMBitReader.a(BitcodeReader.cpp.o);lib/libLLVMCore.a(InlineAsm.cpp.o);llvm::InlineAsm::get(llvm::FunctionType*, llvm::StringRef, llvm::StringRef, bool, bool, llvm::InlineAsm::AsmDialect, bool);Defined DefinedKind
lib/libLLVMBitReader.a(BitcodeReader.cpp.o);lib/libLLVMCore.a(Instruction.cpp.o);llvm::Instruction::Instruction(llvm::Type*, unsigned int, llvm::Use*, unsigned int, llvm::Instruction*);Defined DefinedKind
lib/libLLVMBitReader.a(BitcodeReader.cpp.o);lib/libLLVMCore.a(Instruction.cpp.o);llvm::Instruction::setHasNoUnsignedWrap(bool);Defined DefinedKind
lib/libLLVMBitReader.a(BitcodeReader.cpp.o);lib/libLLVMCore.a(Instruction.cpp.o);llvm::Instruction::~Instruction();Defined DefinedKind
lib/libLLVMBitReader.a(BitcodeReader.cpp.o);lib/libLLVMCore.a(Instruction.cpp.o);llvm::Instruction::setHasNoSignedWrap(bool);Defined DefinedKind
lib/libLLVMBitReader.a(BitcodeReader.cpp.o);lib/libLLVMCore.a(Instruction.cpp.o);llvm::Instruction::setFastMathFlags(llvm::FastMathFlags);Defined DefinedKind
lib/libLLVMBitReader.a(BitcodeReader.cpp.o);lib/libLLVMCore.a(Instruction.cpp.o);llvm::Instruction::setIsExact(bool);Defined DefinedKind
lib/libLLVMBitReader.a(BitcodeReader.cpp.o);lib/libLLVMCore.a(Instructions.cpp.o);llvm::UnreachableInst::UnreachableInst(llvm::LLVMContext&, llvm::Instruction*);Defined DefinedKind
lib/libLLVMBitReader.a(BitcodeReader.cpp.o);lib/libLLVMCore.a(Instructions.cpp.o);llvm::AllocaInst::AllocaInst(llvm::Type*, unsigned int, llvm::Value*, llvm::Align, llvm::Twine const&, llvm::Instruction*);Defined DefinedKind
lib/libLLVMBitReader.a(BitcodeReader.cpp.o);lib/libLLVMCore.a(Instructions.cpp.o);llvm::FuncletPadInst::FuncletPadInst(llvm::Instruction::FuncletPadOps, llvm::Value*, llvm::ArrayRef<llvm::Value*>, unsigned int, llvm::Twine const&, llvm::Instruction*);Defined DefinedKind
lib/libLLVMBitReader.a(BitcodeReader.cpp.o);lib/libLLVMCore.a(Instructions.cpp.o);llvm::SwitchInst::SwitchInst(llvm::Value*, llvm::BasicBlock*, unsigned int, llvm::Instruction*);Defined DefinedKind
lib/libLLVMBitReader.a(BitcodeReader.cpp.o);lib/libLLVMCore.a(Instructions.cpp.o);llvm::PHINode::growOperands();Defined DefinedKind
lib/libLLVMBitReader.a(BitcodeReader.cpp.o);lib/libLLVMCore.a(Instructions.cpp.o);llvm::BranchInst::BranchInst(llvm::BasicBlock*, llvm::BasicBlock*, llvm::Value*, llvm::Instruction*);Defined DefinedKind
lib/libLLVMBitReader.a(BitcodeReader.cpp.o);lib/libLLVMCore.a(Instructions.cpp.o);llvm::SwitchInst::addCase(llvm::ConstantInt*, llvm::BasicBlock*);Defined DefinedKind
lib/libLLVMBitReader.a(BitcodeReader.cpp.o);lib/libLLVMCore.a(Instructions.cpp.o);llvm::AtomicRMWInst::AtomicRMWInst(llvm::AtomicRMWInst::BinOp, llvm::Value*, llvm::Value*, llvm::Align, llvm::AtomicOrdering, unsigned char, llvm::Instruction*);Defined DefinedKind
lib/libLLVMBitReader.a(BitcodeReader.cpp.o);lib/libLLVMCore.a(Instructions.cpp.o);llvm::LoadInst::LoadInst(llvm::Type*, llvm::Value*, llvm::Twine const&, bool, llvm::Align, llvm::Instruction*);Defined DefinedKind
lib/libLLVMBitReader.a(BitcodeReader.cpp.o);lib/libLLVMCore.a(Instructions.cpp.o);llvm::GetElementPtrInst::setIsInBounds(bool);Defined DefinedKind
lib/libLLVMBitReader.a(BitcodeReader.cpp.o);lib/libLLVMCore.a(Instructions.cpp.o);llvm::CallBase::paramHasAttr(unsigned int, llvm::Attribute::AttrKind) const;Defined DefinedKind
lib/libLLVMBitReader.a(BitcodeReader.cpp.o);lib/libLLVMCore.a(Instructions.cpp.o);llvm::CallBase::getNumSubclassExtraOperandsDynamic() const;Defined DefinedKind
lib/libLLVMBitReader.a(BitcodeReader.cpp.o);lib/libLLVMCore.a(Instructions.cpp.o);llvm::GetElementPtrInst::getIndexedType(llvm::Type*, llvm::ArrayRef<llvm::Value*>);Defined DefinedKind
lib/libLLVMBitReader.a(BitcodeReader.cpp.o);lib/libLLVMCore.a(Instructions.cpp.o);llvm::GetElementPtrInst::init(llvm::Value*, llvm::ArrayRef<llvm::Value*>, llvm::Twine const&);Defined DefinedKind
lib/libLLVMBitReader.a(BitcodeReader.cpp.o);lib/libLLVMCore.a(Instructions.cpp.o);llvm::ExtractValueInst::getIndexedType(llvm::Type*, llvm::ArrayRef<unsigned int>);Defined DefinedKind
lib/libLLVMBitReader.a(BitcodeReader.cpp.o);lib/libLLVMCore.a(Instructions.cpp.o);llvm::ExtractValueInst::init(llvm::ArrayRef<unsigned int>, llvm::Twine const&);Defined DefinedKind
lib/libLLVMBitReader.a(BitcodeReader.cpp.o);lib/libLLVMCore.a(Instructions.cpp.o);llvm::InvokeInst::init(llvm::FunctionType*, llvm::Value*, llvm::BasicBlock*, llvm::BasicBlock*, llvm::ArrayRef<llvm::Value*>, llvm::ArrayRef<llvm::OperandBundleDefT<llvm::Value*> >, llvm::Twine const&);Defined DefinedKind
lib/libLLVMBitReader.a(BitcodeReader.cpp.o);lib/libLLVMCore.a(Instructions.cpp.o);llvm::CallBrInst::init(llvm::FunctionType*, llvm::Value*, llvm::BasicBlock*, llvm::ArrayRef<llvm::BasicBlock*>, llvm::ArrayRef<llvm::Value*>, llvm::ArrayRef<llvm::OperandBundleDefT<llvm::Value*> >, llvm::Twine const&);Defined DefinedKind
lib/libLLVMBitReader.a(BitcodeReader.cpp.o);lib/libLLVMCore.a(Instructions.cpp.o);llvm::LoadInst::LoadInst(llvm::Type*, llvm::Value*, llvm::Twine const&, bool, llvm::Align, llvm::AtomicOrdering, unsigned char, llvm::Instruction*);Defined DefinedKind
lib/libLLVMBitReader.a(BitcodeReader.cpp.o);lib/libLLVMCore.a(Instructions.cpp.o);llvm::BranchInst::BranchInst(llvm::BasicBlock*, llvm::Instruction*);Defined DefinedKind
lib/libLLVMBitReader.a(BitcodeReader.cpp.o);lib/libLLVMCore.a(Instructions.cpp.o);llvm::CastInst::Create(llvm::Instruction::CastOps, llvm::Value*, llvm::Type*, llvm::Twine const&, llvm::Instruction*);Defined DefinedKind
lib/libLLVMBitReader.a(BitcodeReader.cpp.o);lib/libLLVMCore.a(Instructions.cpp.o);llvm::CastInst::castIsValid(llvm::Instruction::CastOps, llvm::Type*, llvm::Type*);Defined DefinedKind
lib/libLLVMBitReader.a(BitcodeReader.cpp.o);lib/libLLVMCore.a(Instructions.cpp.o);llvm::CallInst::init(llvm::FunctionType*, llvm::Value*, llvm::ArrayRef<llvm::Value*>, llvm::ArrayRef<llvm::OperandBundleDefT<llvm::Value*> >, llvm::Twine const&);Defined DefinedKind
lib/libLLVMBitReader.a(BitcodeReader.cpp.o);lib/libLLVMCore.a(Instructions.cpp.o);llvm::CatchSwitchInst::addHandler(llvm::BasicBlock*);Defined DefinedKind
lib/libLLVMBitReader.a(BitcodeReader.cpp.o);lib/libLLVMCore.a(Instructions.cpp.o);llvm::CatchSwitchInst::CatchSwitchInst(llvm::Value*, llvm::BasicBlock*, unsigned int, llvm::Twine const&, llvm::Instruction*);Defined DefinedKind
lib/libLLVMBitReader.a(BitcodeReader.cpp.o);lib/libLLVMCore.a(Instructions.cpp.o);llvm::InsertValueInst::init(llvm::Value*, llvm::Value*, llvm::ArrayRef<unsigned int>, llvm::Twine const&);Defined DefinedKind
lib/libLLVMBitReader.a(BitcodeReader.cpp.o);lib/libLLVMCore.a(Instructions.cpp.o);llvm::IndirectBrInst::IndirectBrInst(llvm::Value*, unsigned int, llvm::Instruction*);Defined DefinedKind
lib/libLLVMBitReader.a(BitcodeReader.cpp.o);lib/libLLVMCore.a(Instructions.cpp.o);llvm::StoreInst::StoreInst(llvm::Value*, llvm::Value*, bool, llvm::Align, llvm::AtomicOrdering, unsigned char, llvm::Instruction*);Defined DefinedKind
lib/libLLVMBitReader.a(BitcodeReader.cpp.o);lib/libLLVMCore.a(Instructions.cpp.o);llvm::CmpInst::CmpInst(llvm::Type*, llvm::Instruction::OtherOps, llvm::CmpInst::Predicate, llvm::Value*, llvm::Value*, llvm::Twine const&, llvm::Instruction*, llvm::Instruction*);Defined DefinedKind
lib/libLLVMBitReader.a(BitcodeReader.cpp.o);lib/libLLVMCore.a(Instructions.cpp.o);llvm::LandingPadInst::Create(llvm::Type*, unsigned int, llvm::Twine const&, llvm::Instruction*);Defined DefinedKind
lib/libLLVMBitReader.a(BitcodeReader.cpp.o);lib/libLLVMCore.a(Instructions.cpp.o);llvm::LandingPadInst::addClause(llvm::Constant*);Defined DefinedKind
lib/libLLVMBitReader.a(BitcodeReader.cpp.o);lib/libLLVMCore.a(Instructions.cpp.o);llvm::StoreInst::StoreInst(llvm::Value*, llvm::Value*, bool, llvm::Align, llvm::Instruction*);Defined DefinedKind
lib/libLLVMBitReader.a(BitcodeReader.cpp.o);lib/libLLVMCore.a(Instructions.cpp.o);llvm::ShuffleVectorInst::ShuffleVectorInst(llvm::Value*, llvm::Value*, llvm::Value*, llvm::Twine const&, llvm::Instruction*);Defined DefinedKind
lib/libLLVMBitReader.a(BitcodeReader.cpp.o);lib/libLLVMCore.a(Instructions.cpp.o);llvm::InsertElementInst::InsertElementInst(llvm::Value*, llvm::Value*, llvm::Value*, llvm::Twine const&, llvm::Instruction*);Defined DefinedKind
lib/libLLVMBitReader.a(BitcodeReader.cpp.o);lib/libLLVMCore.a(Instructions.cpp.o);llvm::ExtractElementInst::ExtractElementInst(llvm::Value*, llvm::Value*, llvm::Twine const&, llvm::Instruction*);Defined DefinedKind
lib/libLLVMBitReader.a(BitcodeReader.cpp.o);lib/libLLVMCore.a(Instructions.cpp.o);llvm::ResumeInst::ResumeInst(llvm::Value*, llvm::Instruction*);Defined DefinedKind
lib/libLLVMBitReader.a(BitcodeReader.cpp.o);lib/libLLVMCore.a(Instructions.cpp.o);llvm::CatchReturnInst::CatchReturnInst(llvm::Value*, llvm::BasicBlock*, llvm::Instruction*);Defined DefinedKind
lib/libLLVMBitReader.a(BitcodeReader.cpp.o);lib/libLLVMCore.a(Instructions.cpp.o);llvm::CleanupReturnInst::CleanupReturnInst(llvm::Value*, llvm::BasicBlock*, unsigned int, llvm::Instruction*);Defined DefinedKind
lib/libLLVMBitReader.a(BitcodeReader.cpp.o);lib/libLLVMCore.a(Instructions.cpp.o);llvm::ReturnInst::ReturnInst(llvm::LLVMContext&, llvm::Value*, llvm::Instruction*);Defined DefinedKind
lib/libLLVMBitReader.a(BitcodeReader.cpp.o);lib/libLLVMCore.a(Instructions.cpp.o);llvm::FreezeInst::FreezeInst(llvm::Value*, llvm::Twine const&, llvm::Instruction*);Defined DefinedKind
lib/libLLVMBitReader.a(BitcodeReader.cpp.o);lib/libLLVMCore.a(Instructions.cpp.o);llvm::ShuffleVectorInst::isValidOperands(llvm::Value const*, llvm::Value const*, llvm::Value const*);Defined DefinedKind
lib/libLLVMBitReader.a(BitcodeReader.cpp.o);lib/libLLVMCore.a(Instructions.cpp.o);llvm::IndirectBrInst::addDestination(llvm::BasicBlock*);Defined DefinedKind
lib/libLLVMBitReader.a(BitcodeReader.cpp.o);lib/libLLVMCore.a(Instructions.cpp.o);llvm::ShuffleVectorInst::getShuffleMask(llvm::Constant const*, llvm::SmallVectorImpl<int>&);Defined DefinedKind
lib/libLLVMBitReader.a(BitcodeReader.cpp.o);lib/libLLVMCore.a(Instructions.cpp.o);llvm::AtomicCmpXchgInst::AtomicCmpXchgInst(llvm::Value*, llvm::Value*, llvm::Value*, llvm::Align, llvm::AtomicOrdering, llvm::AtomicOrdering, unsigned char, llvm::Instruction*);Defined DefinedKind
lib/libLLVMBitReader.a(BitcodeReader.cpp.o);lib/libLLVMCore.a(Instructions.cpp.o);llvm::FenceInst::FenceInst(llvm::LLVMContext&, llvm::AtomicOrdering, unsigned char, llvm::Instruction*);Defined DefinedKind
lib/libLLVMBitReader.a(BitcodeReader.cpp.o);lib/libLLVMCore.a(Instructions.cpp.o);llvm::BinaryOperator::Create(llvm::Instruction::BinaryOps, llvm::Value*, llvm::Value*, llvm::Twine const&, llvm::Instruction*);Defined DefinedKind
lib/libLLVMBitReader.a(BitcodeReader.cpp.o);lib/libLLVMCore.a(Instructions.cpp.o);llvm::UnaryOperator::Create(llvm::Instruction::UnaryOps, llvm::Value*, llvm::Twine const&, llvm::Instruction*);Defined DefinedKind
lib/libLLVMBitReader.a(BitcodeReader.cpp.o);lib/libLLVMCore.a(LLVMContext.cpp.o);llvm::LLVMContext::getOrInsertSyncScopeID(llvm::StringRef);Defined DefinedKind
lib/libLLVMBitReader.a(BitcodeReader.cpp.o);lib/libLLVMCore.a(Metadata.cpp.o);llvm::MDString::getString() const;Defined DefinedKind
lib/libLLVMBitReader.a(BitcodeReader.cpp.o);lib/libLLVMCore.a(Metadata.cpp.o);llvm::NamedMDNode::addOperand(llvm::MDNode*);Defined DefinedKind
lib/libLLVMBitReader.a(BitcodeReader.cpp.o);lib/libLLVMCore.a(Metadata.cpp.o);llvm::Instruction::setMetadata(unsigned int, llvm::MDNode*);Defined DefinedKind
lib/libLLVMBitReader.a(BitcodeReader.cpp.o);lib/libLLVMCore.a(Metadata.cpp.o);llvm::MetadataAsValue::get(llvm::LLVMContext&, llvm::Metadata*);Defined DefinedKind
lib/libLLVMBitReader.a(BitcodeReader.cpp.o);lib/libLLVMCore.a(Metadata.cpp.o);llvm::Instruction::getMetadataImpl(unsigned int) const;Defined DefinedKind
lib/libLLVMBitReader.a(BitcodeReader.cpp.o);lib/libLLVMCore.a(Metadata.cpp.o);llvm::Function::setSubprogram(llvm::DISubprogram*);Defined DefinedKind
lib/libLLVMBitReader.a(BitcodeReader.cpp.o);lib/libLLVMCore.a(Metadata.cpp.o);llvm::MetadataTracking::untrack(void*, llvm::Metadata&);Defined DefinedKind
lib/libLLVMBitReader.a(BitcodeReader.cpp.o);lib/libLLVMCore.a(Metadata.cpp.o);llvm::MetadataTracking::track(void*, llvm::Metadata&, llvm::PointerUnion<llvm::MetadataAsValue*, llvm::Metadata*>);Defined DefinedKind
lib/libLLVMBitReader.a(BitcodeReader.cpp.o);lib/libLLVMCore.a(Metadata.cpp.o);llvm::MetadataTracking::retrack(void*, llvm::Metadata&, void*);Defined DefinedKind
lib/libLLVMBitReader.a(BitcodeReader.cpp.o);lib/libLLVMCore.a(Module.cpp.o);llvm::Module::getNamedMetadata(llvm::Twine const&) const;Defined DefinedKind
lib/libLLVMBitReader.a(BitcodeReader.cpp.o);lib/libLLVMCore.a(Module.cpp.o);llvm::Module::getModuleFlag(llvm::StringRef) const;Defined DefinedKind
lib/libLLVMBitReader.a(BitcodeReader.cpp.o);lib/libLLVMCore.a(Module.cpp.o);llvm::Module::setDataLayout(llvm::StringRef);Defined DefinedKind
lib/libLLVMBitReader.a(BitcodeReader.cpp.o);lib/libLLVMCore.a(Module.cpp.o);llvm::Module::Module(llvm::StringRef, llvm::LLVMContext&);Defined DefinedKind
lib/libLLVMBitReader.a(BitcodeReader.cpp.o);lib/libLLVMCore.a(Module.cpp.o);llvm::Module::setMaterializer(llvm::GVMaterializer*);Defined DefinedKind
lib/libLLVMBitReader.a(BitcodeReader.cpp.o);lib/libLLVMCore.a(Module.cpp.o);llvm::Module::~Module();Defined DefinedKind
lib/libLLVMBitReader.a(BitcodeReader.cpp.o);lib/libLLVMCore.a(Module.cpp.o);llvm::Module::getOrInsertComdat(llvm::StringRef);Defined DefinedKind
lib/libLLVMBitReader.a(BitcodeReader.cpp.o);lib/libLLVMCore.a(Module.cpp.o);llvm::Module::materializeAll();Defined DefinedKind
lib/libLLVMBitReader.a(BitcodeReader.cpp.o);lib/libLLVMCore.a(Module.cpp.o);llvm::Module::getOrInsertNamedMetadata(llvm::StringRef);Defined DefinedKind
lib/libLLVMBitReader.a(BitcodeReader.cpp.o);lib/libLLVMCore.a(Module.cpp.o);llvm::Module::getDataLayout() const;Defined DefinedKind
lib/libLLVMBitReader.a(BitcodeReader.cpp.o);lib/libLLVMCore.a(Type.cpp.o);llvm::Type::getFloatTy(llvm::LLVMContext&);Defined DefinedKind
lib/libLLVMBitReader.a(BitcodeReader.cpp.o);lib/libLLVMCore.a(Type.cpp.o);llvm::IntegerType::get(llvm::LLVMContext&, unsigned int);Defined DefinedKind
lib/libLLVMBitReader.a(BitcodeReader.cpp.o);lib/libLLVMCore.a(Type.cpp.o);llvm::FunctionType::get(llvm::Type*, llvm::ArrayRef<llvm::Type*>, bool);Defined DefinedKind
lib/libLLVMBitReader.a(BitcodeReader.cpp.o);lib/libLLVMCore.a(Type.cpp.o);llvm::Type::getTokenTy(llvm::LLVMContext&);Defined DefinedKind
lib/libLLVMBitReader.a(BitcodeReader.cpp.o);lib/libLLVMCore.a(Type.cpp.o);llvm::Type::getIntNTy(llvm::LLVMContext&, unsigned int);Defined DefinedKind
lib/libLLVMBitReader.a(BitcodeReader.cpp.o);lib/libLLVMCore.a(Type.cpp.o);llvm::Type::getBFloatTy(llvm::LLVMContext&);Defined DefinedKind
lib/libLLVMBitReader.a(BitcodeReader.cpp.o);lib/libLLVMCore.a(Type.cpp.o);llvm::Type::getX86_AMXTy(llvm::LLVMContext&);Defined DefinedKind
lib/libLLVMBitReader.a(BitcodeReader.cpp.o);lib/libLLVMCore.a(Type.cpp.o);llvm::StructType::get(llvm::LLVMContext&, llvm::ArrayRef<llvm::Type*>, bool);Defined DefinedKind
lib/libLLVMBitReader.a(BitcodeReader.cpp.o);lib/libLLVMCore.a(Type.cpp.o);llvm::Type::getPPC_FP128Ty(llvm::LLVMContext&);Defined DefinedKind
lib/libLLVMBitReader.a(BitcodeReader.cpp.o);lib/libLLVMCore.a(Type.cpp.o);llvm::Type::getMetadataTy(llvm::LLVMContext&);Defined DefinedKind
lib/libLLVMBitReader.a(BitcodeReader.cpp.o);lib/libLLVMCore.a(Type.cpp.o);llvm::Type::getFP128Ty(llvm::LLVMContext&);Defined DefinedKind
lib/libLLVMBitReader.a(BitcodeReader.cpp.o);lib/libLLVMCore.a(Type.cpp.o);llvm::StructType::create(llvm::LLVMContext&, llvm::StringRef);Defined DefinedKind
lib/libLLVMBitReader.a(BitcodeReader.cpp.o);lib/libLLVMCore.a(Type.cpp.o);llvm::Type::getInt1Ty(llvm::LLVMContext&);Defined DefinedKind
lib/libLLVMBitReader.a(BitcodeReader.cpp.o);lib/libLLVMCore.a(Type.cpp.o);llvm::Type::getInt32Ty(llvm::LLVMContext&);Defined DefinedKind
lib/libLLVMBitReader.a(BitcodeReader.cpp.o);lib/libLLVMCore.a(Type.cpp.o);llvm::Type::isSizedDerivedType(llvm::SmallPtrSetImpl<llvm::Type*>*) const;Defined DefinedKind
lib/libLLVMBitReader.a(BitcodeReader.cpp.o);lib/libLLVMCore.a(Type.cpp.o);llvm::PointerType::isLoadableOrStorableType(llvm::Type*);Defined DefinedKind
lib/libLLVMBitReader.a(BitcodeReader.cpp.o);lib/libLLVMCore.a(Type.cpp.o);llvm::StructType::create(llvm::LLVMContext&);Defined DefinedKind
lib/libLLVMBitReader.a(BitcodeReader.cpp.o);lib/libLLVMCore.a(Type.cpp.o);llvm::Type::isIntegerTy(unsigned int) const;Defined DefinedKind
lib/libLLVMBitReader.a(BitcodeReader.cpp.o);lib/libLLVMCore.a(Type.cpp.o);llvm::Type::getX86_FP80Ty(llvm::LLVMContext&);Defined DefinedKind
lib/libLLVMBitReader.a(BitcodeReader.cpp.o);lib/libLLVMCore.a(Type.cpp.o);llvm::Type::getLabelTy(llvm::LLVMContext&);Defined DefinedKind
lib/libLLVMBitReader.a(BitcodeReader.cpp.o);lib/libLLVMCore.a(Type.cpp.o);llvm::PointerType::isValidElementType(llvm::Type*);Defined DefinedKind
lib/libLLVMBitReader.a(BitcodeReader.cpp.o);lib/libLLVMCore.a(Type.cpp.o);llvm::StructType::setName(llvm::StringRef);Defined DefinedKind
lib/libLLVMBitReader.a(BitcodeReader.cpp.o);lib/libLLVMCore.a(Type.cpp.o);llvm::Type::getX86_MMXTy(llvm::LLVMContext&);Defined DefinedKind
lib/libLLVMBitReader.a(BitcodeReader.cpp.o);lib/libLLVMCore.a(Type.cpp.o);llvm::Type::getDoubleTy(llvm::LLVMContext&);Defined DefinedKind
lib/libLLVMBitReader.a(BitcodeReader.cpp.o);lib/libLLVMCore.a(Type.cpp.o);llvm::Type::getVoidTy(llvm::LLVMContext&);Defined DefinedKind
lib/libLLVMBitReader.a(BitcodeReader.cpp.o);lib/libLLVMCore.a(Type.cpp.o);llvm::StructType::setBody(llvm::ArrayRef<llvm::Type*>, bool);Defined DefinedKind
lib/libLLVMBitReader.a(BitcodeReader.cpp.o);lib/libLLVMCore.a(Type.cpp.o);llvm::PointerType::get(llvm::LLVMContext&, unsigned int);Defined DefinedKind
lib/libLLVMBitReader.a(BitcodeReader.cpp.o);lib/libLLVMCore.a(Type.cpp.o);llvm::ArrayType::isValidElementType(llvm::Type*);Defined DefinedKind
lib/libLLVMBitReader.a(BitcodeReader.cpp.o);lib/libLLVMCore.a(Type.cpp.o);llvm::VectorType::get(llvm::Type*, llvm::ElementCount);Defined DefinedKind
lib/libLLVMBitReader.a(BitcodeReader.cpp.o);lib/libLLVMCore.a(Type.cpp.o);llvm::ArrayType::get(llvm::Type*, unsigned long);Defined DefinedKind
lib/libLLVMBitReader.a(BitcodeReader.cpp.o);lib/libLLVMCore.a(Type.cpp.o);llvm::PointerType::get(llvm::Type*, unsigned int);Defined DefinedKind
lib/libLLVMBitReader.a(BitcodeReader.cpp.o);lib/libLLVMCore.a(Type.cpp.o);llvm::StructType::isValidElementType(llvm::Type*);Defined DefinedKind
lib/libLLVMBitReader.a(BitcodeReader.cpp.o);lib/libLLVMCore.a(Type.cpp.o);llvm::FunctionType::isValidArgumentType(llvm::Type*);Defined DefinedKind
lib/libLLVMBitReader.a(BitcodeReader.cpp.o);lib/libLLVMCore.a(Type.cpp.o);llvm::Type::getHalfTy(llvm::LLVMContext&);Defined DefinedKind
lib/libLLVMBitReader.a(BitcodeReader.cpp.o);lib/libLLVMCore.a(User.cpp.o);llvm::User::allocHungoffUses(unsigned int, bool);Defined DefinedKind
lib/libLLVMBitReader.a(BitcodeReader.cpp.o);lib/libLLVMCore.a(User.cpp.o);llvm::User::operator new(unsigned long);Defined DefinedKind
lib/libLLVMBitReader.a(BitcodeReader.cpp.o);lib/libLLVMCore.a(User.cpp.o);llvm::User::getDescriptor();Defined DefinedKind
lib/libLLVMBitReader.a(BitcodeReader.cpp.o);lib/libLLVMCore.a(User.cpp.o);llvm::User::operator delete(void*);Defined DefinedKind
lib/libLLVMBitReader.a(BitcodeReader.cpp.o);lib/libLLVMCore.a(User.cpp.o);llvm::User::operator new(unsigned long, unsigned int, unsigned int);Defined DefinedKind
lib/libLLVMBitReader.a(BitcodeReader.cpp.o);lib/libLLVMCore.a(User.cpp.o);llvm::User::operator new(unsigned long, unsigned int);Defined DefinedKind
lib/libLLVMBitReader.a(BitcodeReader.cpp.o);lib/libLLVMCore.a(Value.cpp.o);llvm::Value::~Value();Defined DefinedKind
lib/libLLVMBitReader.a(BitcodeReader.cpp.o);lib/libLLVMCore.a(Value.cpp.o);llvm::ValueHandleBase::AddToUseList();Defined DefinedKind
lib/libLLVMBitReader.a(BitcodeReader.cpp.o);lib/libLLVMCore.a(Value.cpp.o);llvm::Value::replaceAllUsesWith(llvm::Value*);Defined DefinedKind
lib/libLLVMBitReader.a(BitcodeReader.cpp.o);lib/libLLVMCore.a(Value.cpp.o);llvm::Value::getName() const;Defined DefinedKind
lib/libLLVMBitReader.a(BitcodeReader.cpp.o);lib/libLLVMCore.a(Value.cpp.o);llvm::Value::setName(llvm::Twine const&);Defined DefinedKind
lib/libLLVMBitReader.a(BitcodeReader.cpp.o);lib/libLLVMCore.a(Value.cpp.o);llvm::Value::deleteValue();Defined DefinedKind
lib/libLLVMBitReader.a(BitcodeReader.cpp.o);lib/libLLVMCore.a(Value.cpp.o);llvm::ValueHandleBase::RemoveFromUseList();Defined DefinedKind
lib/libLLVMBitReader.a(BitcodeReader.cpp.o);lib/libLLVMCore.a(Value.cpp.o);llvm::Value::getContext() const;Defined DefinedKind
lib/libLLVMBitReader.a(BitcodeReader.cpp.o);lib/libLLVMCore.a(Value.cpp.o);llvm::ValueHandleBase::AddToExistingUseList(llvm::ValueHandleBase**);Defined DefinedKind
lib/libLLVMBitReader.a(BitcodeReader.cpp.o);lib/libLLVMCore.a(Verifier.cpp.o);llvm::TBAAVerifier::visitTBAAMetadata(llvm::Instruction&, llvm::MDNode const*);Defined DefinedKind
lib/libLLVMBitReader.a(MetadataLoader.cpp.o);lib/libLLVMSupport.a(CommandLine.cpp.o);llvm::cl::GenericOptionValue::anchor();Defined DefinedKind
lib/libLLVMBitReader.a(MetadataLoader.cpp.o);lib/libLLVMSupport.a(CommandLine.cpp.o);llvm::cl::Option::addArgument();Defined DefinedKind
lib/libLLVMBitReader.a(MetadataLoader.cpp.o);lib/libLLVMSupport.a(CommandLine.cpp.o);llvm::cl::Option::setArgStr(llvm::StringRef);Defined DefinedKind
lib/libLLVMBitReader.a(MetadataLoader.cpp.o);lib/libLLVMSupport.a(CommandLine.cpp.o);llvm::cl::GeneralCategory;Defined DefinedKind
lib/libLLVMBitReader.a(MetadataLoader.cpp.o);lib/libLLVMSupport.a(Error.cpp.o);llvm::StringError::StringError(llvm::Twine const&, std::error_code);Defined DefinedKind
lib/libLLVMBitReader.a(MetadataLoader.cpp.o);lib/libLLVMSupport.a(Error.cpp.o);llvm::ErrorInfoBase::ID;Defined DefinedKind
lib/libLLVMBitReader.a(MetadataLoader.cpp.o);lib/libLLVMSupport.a(Error.cpp.o);llvm::ErrorList::ID;Defined DefinedKind
lib/libLLVMBitReader.a(MetadataLoader.cpp.o);lib/libLLVMSupport.a(Error.cpp.o);llvm::createStringError(std::error_code, char const*);Defined DefinedKind
lib/libLLVMBitReader.a(MetadataLoader.cpp.o);lib/libLLVMSupport.a(ErrorHandling.cpp.o);llvm::report_fatal_error(std::__cxx11::basic_string<char, std::char_traits<char>, std::allocator<char> > const&, bool);Defined DefinedKind
lib/libLLVMBitReader.a(MetadataLoader.cpp.o);lib/libLLVMSupport.a(MemAlloc.cpp.o);llvm::allocate_buffer(unsigned long, unsigned long);Defined DefinedKind
lib/libLLVMBitReader.a(MetadataLoader.cpp.o);lib/libLLVMSupport.a(MemAlloc.cpp.o);llvm::deallocate_buffer(void*, unsigned long, unsigned long);Defined DefinedKind
lib/libLLVMBitReader.a(MetadataLoader.cpp.o);lib/libLLVMSupport.a(APInt.cpp.o);llvm::APInt::initSlowCase(llvm::APInt const&);Defined DefinedKind
lib/libLLVMBitReader.a(MetadataLoader.cpp.o);lib/libLLVMSupport.a(raw_ostream.cpp.o);llvm::format_object_base::home();Defined DefinedKind
lib/libLLVMBitReader.a(MetadataLoader.cpp.o);lib/libLLVMSupport.a(raw_ostream.cpp.o);llvm::raw_ostream::SetBufferAndMode(char*, unsigned long, llvm::raw_ostream::BufferKind);Defined DefinedKind
lib/libLLVMBitReader.a(MetadataLoader.cpp.o);lib/libLLVMSupport.a(raw_ostream.cpp.o);llvm::raw_ostream::flush_nonempty();Defined DefinedKind
lib/libLLVMBitReader.a(MetadataLoader.cpp.o);lib/libLLVMSupport.a(raw_ostream.cpp.o);llvm::raw_string_ostream::~raw_string_ostream();Defined DefinedKind
lib/libLLVMBitReader.a(MetadataLoader.cpp.o);lib/libLLVMSupport.a(raw_ostream.cpp.o);llvm::raw_ostream::operator<<(llvm::format_object_base const&);Defined DefinedKind
lib/libLLVMBitReader.a(MetadataLoader.cpp.o);lib/libLLVMBitReader.a(BitcodeReader.cpp.o);llvm::BitcodeErrorCategory();Defined DefinedKind
lib/libLLVMBitReader.a(MetadataLoader.cpp.o);lib/libLLVMBitReader.a(BitcodeReader.cpp.o);llvm::readWideAPInt(llvm::ArrayRef<unsigned long>, unsigned int);Defined DefinedKind
lib/libLLVMBitReader.a(MetadataLoader.cpp.o);lib/libLLVMBitstreamReader.a(BitstreamReader.cpp.o);llvm::BitstreamCursor::readRecord(unsigned int, llvm::SmallVectorImpl<unsigned long>&, llvm::StringRef*);Defined DefinedKind
lib/libLLVMBitReader.a(MetadataLoader.cpp.o);lib/libLLVMBitstreamReader.a(BitstreamReader.cpp.o);llvm::BitstreamCursor::skipRecord(unsigned int);Defined DefinedKind
lib/libLLVMBitReader.a(MetadataLoader.cpp.o);lib/libLLVMBitstreamReader.a(BitstreamReader.cpp.o);llvm::BitstreamCursor::EnterSubBlock(unsigned int, unsigned int*);Defined DefinedKind
lib/libLLVMBitReader.a(MetadataLoader.cpp.o);lib/libLLVMBitstreamReader.a(BitstreamReader.cpp.o);llvm::BitstreamCursor::ReadAbbrevRecord();Defined DefinedKind
lib/libLLVMBitReader.a(MetadataLoader.cpp.o);lib/libLLVMBitReader.a(ValueList.cpp.o);llvm::BitcodeReaderValueList::getValueFwdRef(unsigned int, llvm::Type*);Defined DefinedKind
lib/libLLVMBitReader.a(MetadataLoader.cpp.o);lib/libLLVMCore.a(AutoUpgrade.cpp.o);llvm::UpgradeTBAANode(llvm::MDNode&);Defined DefinedKind
lib/libLLVMBitReader.a(MetadataLoader.cpp.o);lib/libLLVMCore.a(AutoUpgrade.cpp.o);llvm::upgradeInstructionLoopAttachment(llvm::MDNode&);Defined DefinedKind
lib/libLLVMBitReader.a(MetadataLoader.cpp.o);lib/libLLVMCore.a(DebugInfoMetadata.cpp.o);llvm::DILexicalBlock::getImpl(llvm::LLVMContext&, llvm::Metadata*, llvm::Metadata*, unsigned int, unsigned int, llvm::Metadata::StorageType, bool);Defined DefinedKind
lib/libLLVMBitReader.a(MetadataLoader.cpp.o);lib/libLLVMCore.a(DebugInfoMetadata.cpp.o);llvm::DIObjCProperty::getImpl(llvm::LLVMContext&, llvm::MDString*, llvm::Metadata*, unsigned int, llvm::MDString*, llvm::MDString*, unsigned int, llvm::Metadata*, llvm::Metadata::StorageType, bool);Defined DefinedKind
lib/libLLVMBitReader.a(MetadataLoader.cpp.o);lib/libLLVMCore.a(DebugInfoMetadata.cpp.o);llvm::DILocalVariable::getImpl(llvm::LLVMContext&, llvm::Metadata*, llvm::MDString*, llvm::Metadata*, unsigned int, llvm::Metadata*, unsigned int, llvm::DINode::DIFlags, unsigned int, llvm::Metadata::StorageType, bool);Defined DefinedKind
lib/libLLVMBitReader.a(MetadataLoader.cpp.o);lib/libLLVMCore.a(DebugInfoMetadata.cpp.o);llvm::DICompositeType::buildODRType(llvm::LLVMContext&, llvm::MDString&, unsigned int, llvm::MDString*, llvm::Metadata*, unsigned int, llvm::Metadata*, llvm::Metadata*, unsigned long, unsigned int, unsigned long, llvm::DINode::DIFlags, llvm::Metadata*, unsigned int, llvm::Metadata*, llvm::Metadata*, llvm::Metadata*, llvm::Metadata*, llvm::Metadata*, llvm::Metadata*, llvm::Metadata*);Defined DefinedKind
lib/libLLVMBitReader.a(MetadataLoader.cpp.o);lib/libLLVMCore.a(DebugInfoMetadata.cpp.o);llvm::DIDerivedType::getImpl(llvm::LLVMContext&, unsigned int, llvm::MDString*, llvm::Metadata*, unsigned int, llvm::Metadata*, llvm::Metadata*, unsigned long, unsigned int, unsigned long, llvm::Optional<unsigned int>, llvm::DINode::DIFlags, llvm::Metadata*, llvm::Metadata::StorageType, bool);Defined DefinedKind
lib/libLLVMBitReader.a(MetadataLoader.cpp.o);lib/libLLVMCore.a(DebugInfoMetadata.cpp.o);llvm::DIEnumerator::getImpl(llvm::LLVMContext&, llvm::APInt const&, bool, llvm::MDString*, llvm::Metadata::StorageType, bool);Defined DefinedKind
lib/libLLVMBitReader.a(MetadataLoader.cpp.o);lib/libLLVMCore.a(DebugInfoMetadata.cpp.o);llvm::DIFile::getImpl(llvm::LLVMContext&, llvm::MDString*, llvm::MDString*, llvm::Optional<llvm::DIFile::ChecksumInfo<llvm::MDString*> >, llvm::Optional<llvm::MDString*>, llvm::Metadata::StorageType, bool);Defined DefinedKind
lib/libLLVMBitReader.a(MetadataLoader.cpp.o);lib/libLLVMCore.a(DebugInfoMetadata.cpp.o);llvm::DIBasicType::getImpl(llvm::LLVMContext&, unsigned int, llvm::MDString*, unsigned long, unsigned int, unsigned int, llvm::DINode::DIFlags, llvm::Metadata::StorageType, bool);Defined DefinedKind
lib/libLLVMBitReader.a(MetadataLoader.cpp.o);lib/libLLVMCore.a(DebugInfoMetadata.cpp.o);llvm::DICommonBlock::getImpl(llvm::LLVMContext&, llvm::Metadata*, llvm::Metadata*, llvm::MDString*, llvm::Metadata*, unsigned int, llvm::Metadata::StorageType, bool);Defined DefinedKind
lib/libLLVMBitReader.a(MetadataLoader.cpp.o);lib/libLLVMCore.a(DebugInfoMetadata.cpp.o);llvm::DITemplateValueParameter::getImpl(llvm::LLVMContext&, unsigned int, llvm::MDString*, llvm::Metadata*, bool, llvm::Metadata*, llvm::Metadata::StorageType, bool);Defined DefinedKind
lib/libLLVMBitReader.a(MetadataLoader.cpp.o);lib/libLLVMCore.a(DebugInfoMetadata.cpp.o);llvm::DITemplateTypeParameter::getImpl(llvm::LLVMContext&, llvm::MDString*, llvm::Metadata*, bool, llvm::Metadata::StorageType, bool);Defined DefinedKind
lib/libLLVMBitReader.a(MetadataLoader.cpp.o);lib/libLLVMCore.a(DebugInfoMetadata.cpp.o);llvm::DINamespace::getImpl(llvm::LLVMContext&, llvm::Metadata*, llvm::MDString*, bool, llvm::Metadata::StorageType, bool);Defined DefinedKind
lib/libLLVMBitReader.a(MetadataLoader.cpp.o);lib/libLLVMCore.a(DebugInfoMetadata.cpp.o);llvm::DILexicalBlockFile::getImpl(llvm::LLVMContext&, llvm::Metadata*, llvm::Metadata*, unsigned int, llvm::Metadata::StorageType, bool);Defined DefinedKind
lib/libLLVMBitReader.a(MetadataLoader.cpp.o);lib/libLLVMCore.a(DebugInfoMetadata.cpp.o);llvm::DICompileUnit::getImpl(llvm::LLVMContext&, unsigned int, llvm::Metadata*, llvm::MDString*, bool, llvm::MDString*, unsigned int, llvm::MDString*, unsigned int, llvm::Metadata*, llvm::Metadata*, llvm::Metadata*, llvm::Metadata*, llvm::Metadata*, unsigned long, bool, bool, unsigned int, bool, llvm::MDString*, llvm::MDString*, llvm::Metadata::StorageType, bool);Defined DefinedKind
lib/libLLVMBitReader.a(MetadataLoader.cpp.o);lib/libLLVMCore.a(DebugInfoMetadata.cpp.o);llvm::DIStringType::getImpl(llvm::LLVMContext&, unsigned int, llvm::MDString*, llvm::Metadata*, llvm::Metadata*, unsigned long, unsigned int, unsigned int, llvm::Metadata::StorageType, bool);Defined DefinedKind
lib/libLLVMBitReader.a(MetadataLoader.cpp.o);lib/libLLVMCore.a(DebugInfoMetadata.cpp.o);llvm::DIGlobalVariable::getImpl(llvm::LLVMContext&, llvm::Metadata*, llvm::MDString*, llvm::MDString*, llvm::Metadata*, unsigned int, llvm::Metadata*, bool, bool, llvm::Metadata*, llvm::Metadata*, unsigned int, llvm::Metadata::StorageType, bool);Defined DefinedKind
lib/libLLVMBitReader.a(MetadataLoader.cpp.o);lib/libLLVMCore.a(DebugInfoMetadata.cpp.o);llvm::DIMacro::getImpl(llvm::LLVMContext&, unsigned int, unsigned int, llvm::MDString*, llvm::MDString*, llvm::Metadata::StorageType, bool);Defined DefinedKind
lib/libLLVMBitReader.a(MetadataLoader.cpp.o);lib/libLLVMCore.a(DebugInfoMetadata.cpp.o);llvm::DICompositeType::getImpl(llvm::LLVMContext&, unsigned int, llvm::MDString*, llvm::Metadata*, unsigned int, llvm::Metadata*, llvm::Metadata*, unsigned long, unsigned int, unsigned long, llvm::DINode::DIFlags, llvm::Metadata*, unsigned int, llvm::Metadata*, llvm::Metadata*, llvm::MDString*, llvm::Metadata*, llvm::Metadata*, llvm::Metadata*, llvm::Metadata*, llvm::Metadata*, llvm::Metadata::StorageType, bool);Defined DefinedKind
lib/libLLVMBitReader.a(MetadataLoader.cpp.o);lib/libLLVMCore.a(DebugInfoMetadata.cpp.o);llvm::DISubroutineType::getImpl(llvm::LLVMContext&, llvm::DINode::DIFlags, unsigned char, llvm::Metadata*, llvm::Metadata::StorageType, bool);Defined DefinedKind
lib/libLLVMBitReader.a(MetadataLoader.cpp.o);lib/libLLVMCore.a(DebugInfoMetadata.cpp.o);llvm::GenericDINode::getImpl(llvm::LLVMContext&, unsigned int, llvm::MDString*, llvm::ArrayRef<llvm::Metadata*>, llvm::Metadata::StorageType, bool);Defined DefinedKind
lib/libLLVMBitReader.a(MetadataLoader.cpp.o);lib/libLLVMCore.a(DebugInfoMetadata.cpp.o);llvm::DIModule::getImpl(llvm::LLVMContext&, llvm::Metadata*, llvm::Metadata*, llvm::MDString*, llvm::MDString*, llvm::MDString*, llvm::MDString*, unsigned int, bool, llvm::Metadata::StorageType, bool);Defined DefinedKind
lib/libLLVMBitReader.a(MetadataLoader.cpp.o);lib/libLLVMCore.a(DebugInfoMetadata.cpp.o);llvm::DISubrange::getImpl(llvm::LLVMContext&, llvm::Metadata*, llvm::Metadata*, llvm::Metadata*, llvm::Metadata*, llvm::Metadata::StorageType, bool);Defined DefinedKind
lib/libLLVMBitReader.a(MetadataLoader.cpp.o);lib/libLLVMCore.a(DebugInfoMetadata.cpp.o);llvm::DISubrange::getImpl(llvm::LLVMContext&, llvm::Metadata*, long, llvm::Metadata::StorageType, bool);Defined DefinedKind
lib/libLLVMBitReader.a(MetadataLoader.cpp.o);lib/libLLVMCore.a(DebugInfoMetadata.cpp.o);llvm::DISubrange::getImpl(llvm::LLVMContext&, long, long, llvm::Metadata::StorageType, bool);Defined DefinedKind
lib/libLLVMBitReader.a(MetadataLoader.cpp.o);lib/libLLVMCore.a(DebugInfoMetadata.cpp.o);llvm::DIExpression::getImpl(llvm::LLVMContext&, llvm::ArrayRef<unsigned long>, llvm::Metadata::StorageType, bool);Defined DefinedKind
lib/libLLVMBitReader.a(MetadataLoader.cpp.o);lib/libLLVMCore.a(DebugInfoMetadata.cpp.o);llvm::DIMacroFile::getImpl(llvm::LLVMContext&, unsigned int, unsigned int, llvm::Metadata*, llvm::Metadata*, llvm::Metadata::StorageType, bool);Defined DefinedKind
lib/libLLVMBitReader.a(MetadataLoader.cpp.o);lib/libLLVMCore.a(DebugInfoMetadata.cpp.o);llvm::DILabel::getImpl(llvm::LLVMContext&, llvm::Metadata*, llvm::MDString*, llvm::Metadata*, unsigned int, llvm::Metadata::StorageType, bool);Defined DefinedKind
lib/libLLVMBitReader.a(MetadataLoader.cpp.o);lib/libLLVMCore.a(DebugInfoMetadata.cpp.o);llvm::DIGenericSubrange::getImpl(llvm::LLVMContext&, llvm::Metadata*, llvm::Metadata*, llvm::Metadata*, llvm::Metadata*, llvm::Metadata::StorageType, bool);Defined DefinedKind
lib/libLLVMBitReader.a(MetadataLoader.cpp.o);lib/libLLVMCore.a(DebugInfoMetadata.cpp.o);llvm::DIArgList::getImpl(llvm::LLVMContext&, llvm::ArrayRef<llvm::ValueAsMetadata*>, llvm::Metadata::StorageType, bool);Defined DefinedKind
lib/libLLVMBitReader.a(MetadataLoader.cpp.o);lib/libLLVMCore.a(DebugInfoMetadata.cpp.o);llvm::DILocation::getImpl(llvm::LLVMContext&, unsigned int, unsigned int, llvm::Metadata*, llvm::Metadata*, bool, llvm::Metadata::StorageType, bool);Defined DefinedKind
lib/libLLVMBitReader.a(MetadataLoader.cpp.o);lib/libLLVMCore.a(DebugInfoMetadata.cpp.o);llvm::DIGlobalVariableExpression::getImpl(llvm::LLVMContext&, llvm::Metadata*, llvm::Metadata*, llvm::Metadata::StorageType, bool);Defined DefinedKind
lib/libLLVMBitReader.a(MetadataLoader.cpp.o);lib/libLLVMCore.a(DebugInfoMetadata.cpp.o);llvm::DISubprogram::getImpl(llvm::LLVMContext&, llvm::Metadata*, llvm::MDString*, llvm::MDString*, llvm::Metadata*, unsigned int, llvm::Metadata*, unsigned int, llvm::Metadata*, unsigned int, int, llvm::DINode::DIFlags, llvm::DISubprogram::DISPFlags, llvm::Metadata*, llvm::Metadata*, llvm::Metadata*, llvm::Metadata*, llvm::Metadata*, llvm::Metadata::StorageType, bool);Defined DefinedKind
lib/libLLVMBitReader.a(MetadataLoader.cpp.o);lib/libLLVMCore.a(DebugInfoMetadata.cpp.o);llvm::DIImportedEntity::getImpl(llvm::LLVMContext&, unsigned int, llvm::Metadata*, llvm::Metadata*, llvm::Metadata*, unsigned int, llvm::MDString*, llvm::Metadata::StorageType, bool);Defined DefinedKind
lib/libLLVMBitReader.a(MetadataLoader.cpp.o);lib/libLLVMCore.a(IntrinsicInst.cpp.o);llvm::DbgVariableIntrinsic::getVariableLocationOp(unsigned int) const;Defined DefinedKind
lib/libLLVMBitReader.a(MetadataLoader.cpp.o);lib/libLLVMCore.a(Metadata.cpp.o);llvm::MetadataTracking::untrack(void*, llvm::Metadata&);Defined DefinedKind
lib/libLLVMBitReader.a(MetadataLoader.cpp.o);lib/libLLVMCore.a(Metadata.cpp.o);llvm::MDNode::replaceOperandWith(unsigned int, llvm::Metadata*);Defined DefinedKind
lib/libLLVMBitReader.a(MetadataLoader.cpp.o);lib/libLLVMCore.a(Metadata.cpp.o);llvm::MetadataAsValue::get(llvm::LLVMContext&, llvm::Metadata*);Defined DefinedKind
lib/libLLVMBitReader.a(MetadataLoader.cpp.o);lib/libLLVMCore.a(Metadata.cpp.o);llvm::MetadataTracking::retrack(void*, llvm::Metadata&, void*);Defined DefinedKind
lib/libLLVMBitReader.a(MetadataLoader.cpp.o);lib/libLLVMCore.a(Metadata.cpp.o);llvm::MDNode::resolveCycles();Defined DefinedKind
lib/libLLVMBitReader.a(MetadataLoader.cpp.o);lib/libLLVMCore.a(Metadata.cpp.o);llvm::Instruction::setMetadata(unsigned int, llvm::MDNode*);Defined DefinedKind
lib/libLLVMBitReader.a(MetadataLoader.cpp.o);lib/libLLVMCore.a(Metadata.cpp.o);llvm::GlobalVariable::addDebugInfo(llvm::DIGlobalVariableExpression*);Defined DefinedKind
lib/libLLVMBitReader.a(MetadataLoader.cpp.o);lib/libLLVMCore.a(Metadata.cpp.o);llvm::MDNode::deleteTemporary(llvm::MDNode*);Defined DefinedKind
lib/libLLVMBitReader.a(MetadataLoader.cpp.o);lib/libLLVMCore.a(Metadata.cpp.o);llvm::Value::getMetadata(unsigned int, llvm::SmallVectorImpl<llvm::MDNode*>&) const;Defined DefinedKind
lib/libLLVMBitReader.a(MetadataLoader.cpp.o);lib/libLLVMCore.a(Metadata.cpp.o);llvm::Value::addMetadata(unsigned int, llvm::MDNode&);Defined DefinedKind
lib/libLLVMBitReader.a(MetadataLoader.cpp.o);lib/libLLVMCore.a(Metadata.cpp.o);llvm::NamedMDNode::getOperand(unsigned int) const;Defined DefinedKind
lib/libLLVMBitReader.a(MetadataLoader.cpp.o);lib/libLLVMCore.a(Metadata.cpp.o);llvm::NamedMDNode::getNumOperands() const;Defined DefinedKind
lib/libLLVMBitReader.a(MetadataLoader.cpp.o);lib/libLLVMCore.a(Metadata.cpp.o);llvm::MDTuple::getImpl(llvm::LLVMContext&, llvm::ArrayRef<llvm::Metadata*>, llvm::Metadata::StorageType, bool);Defined DefinedKind
lib/libLLVMBitReader.a(MetadataLoader.cpp.o);lib/libLLVMCore.a(Metadata.cpp.o);llvm::MetadataTracking::track(void*, llvm::Metadata&, llvm::PointerUnion<llvm::MetadataAsValue*, llvm::Metadata*>);Defined DefinedKind
lib/libLLVMBitReader.a(MetadataLoader.cpp.o);lib/libLLVMCore.a(Metadata.cpp.o);llvm::NamedMDNode::addOperand(llvm::MDNode*);Defined DefinedKind
lib/libLLVMBitReader.a(MetadataLoader.cpp.o);lib/libLLVMCore.a(Metadata.cpp.o);llvm::ReplaceableMetadataImpl::replaceAllUsesWith(llvm::Metadata*);Defined DefinedKind
lib/libLLVMBitReader.a(MetadataLoader.cpp.o);lib/libLLVMCore.a(Metadata.cpp.o);llvm::MDString::get(llvm::LLVMContext&, llvm::StringRef);Defined DefinedKind
lib/libLLVMBitReader.a(MetadataLoader.cpp.o);lib/libLLVMCore.a(Metadata.cpp.o);llvm::Function::setSubprogram(llvm::DISubprogram*);Defined DefinedKind
lib/libLLVMBitReader.a(MetadataLoader.cpp.o);lib/libLLVMCore.a(Metadata.cpp.o);llvm::ValueAsMetadata::get(llvm::Value*);Defined DefinedKind
lib/libLLVMBitReader.a(MetadataLoader.cpp.o);lib/libLLVMCore.a(Metadata.cpp.o);llvm::Value::eraseMetadata(unsigned int);Defined DefinedKind
lib/libLLVMBitReader.a(MetadataLoader.cpp.o);lib/libLLVMCore.a(Module.cpp.o);llvm::Module::getNamedMetadata(llvm::Twine const&) const;Defined DefinedKind
lib/libLLVMBitReader.a(MetadataLoader.cpp.o);lib/libLLVMCore.a(Module.cpp.o);llvm::Module::getMDKindID(llvm::StringRef) const;Defined DefinedKind
lib/libLLVMBitReader.a(MetadataLoader.cpp.o);lib/libLLVMCore.a(Module.cpp.o);llvm::Module::getOrInsertNamedMetadata(llvm::StringRef);Defined DefinedKind
lib/libLLVMBitReader.a(ValueList.cpp.o);lib/libLLVMSupport.a(ErrorHandling.cpp.o);llvm::report_fatal_error(char const*, bool);Defined DefinedKind
lib/libLLVMBitReader.a(ValueList.cpp.o);lib/libLLVMCore.a(Constants.cpp.o);llvm::ConstantVector::get(llvm::ArrayRef<llvm::Constant*>);Defined DefinedKind
lib/libLLVMBitReader.a(ValueList.cpp.o);lib/libLLVMCore.a(Constants.cpp.o);llvm::ConstantExpr::getWithOperands(llvm::ArrayRef<llvm::Constant*>, llvm::Type*, bool, llvm::Type*) const;Defined DefinedKind
lib/libLLVMBitReader.a(ValueList.cpp.o);lib/libLLVMCore.a(Constants.cpp.o);llvm::ConstantStruct::get(llvm::StructType*, llvm::ArrayRef<llvm::Constant*>);Defined DefinedKind
lib/libLLVMBitReader.a(ValueList.cpp.o);lib/libLLVMCore.a(Constants.cpp.o);llvm::UndefValue::get(llvm::Type*);Defined DefinedKind
lib/libLLVMBitReader.a(ValueList.cpp.o);lib/libLLVMCore.a(Constants.cpp.o);llvm::ConstantArray::get(llvm::ArrayType*, llvm::ArrayRef<llvm::Constant*>);Defined DefinedKind
lib/libLLVMBitReader.a(ValueList.cpp.o);lib/libLLVMCore.a(Constants.cpp.o);llvm::Constant::destroyConstant();Defined DefinedKind
lib/libLLVMBitReader.a(ValueList.cpp.o);lib/libLLVMCore.a(Function.cpp.o);llvm::Argument::Argument(llvm::Type*, llvm::Twine const&, llvm::Function*, unsigned int);Defined DefinedKind
lib/libLLVMBitReader.a(ValueList.cpp.o);lib/libLLVMCore.a(Type.cpp.o);llvm::Type::getInt32Ty(llvm::LLVMContext&);Defined DefinedKind
lib/libLLVMBitReader.a(ValueList.cpp.o);lib/libLLVMCore.a(User.cpp.o);llvm::User::operator new(unsigned long, unsigned int);Defined DefinedKind
lib/libLLVMBitReader.a(ValueList.cpp.o);lib/libLLVMCore.a(User.cpp.o);llvm::User::operator delete(void*);Defined DefinedKind
lib/libLLVMBitReader.a(ValueList.cpp.o);lib/libLLVMCore.a(Value.cpp.o);llvm::Value::replaceAllUsesWith(llvm::Value*);Defined DefinedKind
lib/libLLVMBitReader.a(ValueList.cpp.o);lib/libLLVMCore.a(Value.cpp.o);llvm::Value::~Value();Defined DefinedKind
lib/libLLVMBitReader.a(ValueList.cpp.o);lib/libLLVMCore.a(Value.cpp.o);llvm::Value::deleteValue();Defined DefinedKind
lib/libLLVMBitReader.a(ValueList.cpp.o);lib/libLLVMCore.a(Value.cpp.o);llvm::ValueHandleBase::AddToExistingUseList(llvm::ValueHandleBase**);Defined DefinedKind
lib/libLLVMBitReader.a(ValueList.cpp.o);lib/libLLVMCore.a(Value.cpp.o);llvm::Value::Value(llvm::Type*, unsigned int);Defined DefinedKind
lib/libLLVMBitReader.a(ValueList.cpp.o);lib/libLLVMCore.a(Value.cpp.o);llvm::ValueHandleBase::AddToUseList();Defined DefinedKind
lib/libLLVMBitReader.a(ValueList.cpp.o);lib/libLLVMCore.a(Value.cpp.o);llvm::ValueHandleBase::RemoveFromUseList();Defined DefinedKind
lib/libLLVMCore.a(Attributes.cpp.o);lib/libLLVMSupport.a(MemAlloc.cpp.o);llvm::allocate_buffer(unsigned long, unsigned long);Defined DefinedKind
lib/libLLVMCore.a(Attributes.cpp.o);lib/libLLVMSupport.a(MemAlloc.cpp.o);llvm::deallocate_buffer(void*, unsigned long, unsigned long);Defined DefinedKind
lib/libLLVMCore.a(Attributes.cpp.o);lib/libLLVMSupport.a(StringRef.cpp.o);llvm::getAsUnsignedInteger(llvm::StringRef, unsigned int, unsigned long long&);Defined DefinedKind
lib/libLLVMCore.a(Attributes.cpp.o);lib/libLLVMSupport.a(StringRef.cpp.o);llvm::hash_value(llvm::StringRef);Defined DefinedKind
lib/libLLVMCore.a(Attributes.cpp.o);lib/libLLVMSupport.a(FoldingSet.cpp.o);llvm::FoldingSetNodeID::ComputeHash() const;Defined DefinedKind
lib/libLLVMCore.a(Attributes.cpp.o);lib/libLLVMSupport.a(FoldingSet.cpp.o);llvm::FoldingSetBase::InsertNode(llvm::FoldingSetBase::Node*, void*, llvm::FoldingSetBase::FoldingSetInfo const&);Defined DefinedKind
lib/libLLVMCore.a(Attributes.cpp.o);lib/libLLVMSupport.a(FoldingSet.cpp.o);llvm::FoldingSetBase::FindNodeOrInsertPos(llvm::FoldingSetNodeID const&, void*&, llvm::FoldingSetBase::FoldingSetInfo const&);Defined DefinedKind
lib/libLLVMCore.a(Attributes.cpp.o);lib/libLLVMSupport.a(FoldingSet.cpp.o);llvm::FoldingSetNodeID::AddPointer(void const*);Defined DefinedKind
lib/libLLVMCore.a(Attributes.cpp.o);lib/libLLVMSupport.a(FoldingSet.cpp.o);llvm::FoldingSetNodeID::AddInteger(unsigned long);Defined DefinedKind
lib/libLLVMCore.a(Attributes.cpp.o);lib/libLLVMSupport.a(FoldingSet.cpp.o);llvm::FoldingSetNodeID::AddString(llvm::StringRef);Defined DefinedKind
lib/libLLVMCore.a(Attributes.cpp.o);lib/libLLVMSupport.a(FoldingSet.cpp.o);llvm::FoldingSetNodeID::AddInteger(int);Defined DefinedKind
lib/libLLVMCore.a(Attributes.cpp.o);lib/libLLVMSupport.a(FoldingSet.cpp.o);llvm::FoldingSetNodeID::operator==(llvm::FoldingSetNodeID const&) const;Defined DefinedKind
lib/libLLVMCore.a(Attributes.cpp.o);lib/libLLVMSupport.a(raw_ostream.cpp.o);llvm::raw_string_ostream::~raw_string_ostream();Defined DefinedKind
lib/libLLVMCore.a(Attributes.cpp.o);lib/libLLVMSupport.a(raw_ostream.cpp.o);llvm::raw_ostream::write(unsigned char);Defined DefinedKind
lib/libLLVMCore.a(Attributes.cpp.o);lib/libLLVMSupport.a(raw_ostream.cpp.o);llvm::raw_ostream::SetBufferAndMode(char*, unsigned long, llvm::raw_ostream::BufferKind);Defined DefinedKind
lib/libLLVMCore.a(Attributes.cpp.o);lib/libLLVMSupport.a(raw_ostream.cpp.o);llvm::raw_ostream::flush_nonempty();Defined DefinedKind
lib/libLLVMCore.a(Attributes.cpp.o);lib/libLLVMSupport.a(raw_ostream.cpp.o);llvm::raw_ostream::write(char const*, unsigned long);Defined DefinedKind
lib/libLLVMCore.a(Attributes.cpp.o);lib/libLLVMSupport.a(raw_ostream.cpp.o);llvm::raw_ostream::operator<<(unsigned long);Defined DefinedKind
lib/libLLVMCore.a(Attributes.cpp.o);lib/libLLVMSupport.a(StringExtras.cpp.o);llvm::printEscapedString(llvm::StringRef, llvm::raw_ostream&);Defined DefinedKind
lib/libLLVMCore.a(Attributes.cpp.o);lib/libLLVMCore.a(AsmWriter.cpp.o);llvm::Type::print(llvm::raw_ostream&, bool, bool) const;Defined DefinedKind
lib/libLLVMCore.a(Attributes.cpp.o);lib/libLLVMCore.a(Function.cpp.o);llvm::Function::removeAttributes(unsigned int, llvm::AttrBuilder const&);Defined DefinedKind
lib/libLLVMCore.a(Attributes.cpp.o);lib/libLLVMCore.a(Function.cpp.o);llvm::Function::getContext() const;Defined DefinedKind
lib/libLLVMCore.a(AsmWriter.cpp.o);lib/libLLVMSupport.a(MemAlloc.cpp.o);llvm::allocate_buffer(unsigned long, unsigned long);Defined DefinedKind
lib/libLLVMCore.a(AsmWriter.cpp.o);lib/libLLVMSupport.a(MemAlloc.cpp.o);llvm::deallocate_buffer(void*, unsigned long, unsigned long);Defined DefinedKind
lib/libLLVMCore.a(AsmWriter.cpp.o);lib/libLLVMSupport.a(StringMap.cpp.o);llvm::StringMapImpl::LookupBucketFor(llvm::StringRef);Defined DefinedKind
lib/libLLVMCore.a(AsmWriter.cpp.o);lib/libLLVMSupport.a(StringMap.cpp.o);llvm::StringMapImpl::RehashTable(unsigned int);Defined DefinedKind
lib/libLLVMCore.a(AsmWriter.cpp.o);lib/libLLVMSupport.a(StringMap.cpp.o);llvm::StringMapImpl::FindKey(llvm::StringRef) const;Defined DefinedKind
lib/libLLVMCore.a(AsmWriter.cpp.o);lib/libLLVMSupport.a(StringRef.cpp.o);llvm::StringRef::find(llvm::StringRef, unsigned long) const;Defined DefinedKind
lib/libLLVMCore.a(AsmWriter.cpp.o);lib/libLLVMSupport.a(APFloat.cpp.o);llvm::detail::IEEEFloat::toString(llvm::SmallVectorImpl<char>&, unsigned int, unsigned int, bool) const;Defined DefinedKind
lib/libLLVMCore.a(AsmWriter.cpp.o);lib/libLLVMSupport.a(APFloat.cpp.o);llvm::detail::IEEEFloat::~IEEEFloat();Defined DefinedKind
lib/libLLVMCore.a(AsmWriter.cpp.o);lib/libLLVMSupport.a(APFloat.cpp.o);llvm::detail::DoubleAPFloat::DoubleAPFloat(llvm::detail::DoubleAPFloat&&);Defined DefinedKind
lib/libLLVMCore.a(AsmWriter.cpp.o);lib/libLLVMSupport.a(APFloat.cpp.o);llvm::detail::DoubleAPFloat::DoubleAPFloat(llvm::fltSemantics const&, llvm::APFloatBase::uninitializedTag);Defined DefinedKind
lib/libLLVMCore.a(AsmWriter.cpp.o);lib/libLLVMSupport.a(APFloat.cpp.o);llvm::detail::DoubleAPFloat::makeNaN(bool, bool, llvm::APInt const*);Defined DefinedKind
lib/libLLVMCore.a(AsmWriter.cpp.o);lib/libLLVMSupport.a(APFloat.cpp.o);llvm::APFloatBase::IEEEsingle();Defined DefinedKind
lib/libLLVMCore.a(AsmWriter.cpp.o);lib/libLLVMSupport.a(APFloat.cpp.o);llvm::APFloatBase::IEEEdouble();Defined DefinedKind
lib/libLLVMCore.a(AsmWriter.cpp.o);lib/libLLVMSupport.a(APFloat.cpp.o);llvm::detail::IEEEFloat::bitcastToAPInt() const;Defined DefinedKind
lib/libLLVMCore.a(AsmWriter.cpp.o);lib/libLLVMSupport.a(APFloat.cpp.o);llvm::APFloatBase::x87DoubleExtended();Defined DefinedKind
lib/libLLVMCore.a(AsmWriter.cpp.o);lib/libLLVMSupport.a(APFloat.cpp.o);llvm::APFloatBase::IEEEquad();Defined DefinedKind
lib/libLLVMCore.a(AsmWriter.cpp.o);lib/libLLVMSupport.a(APFloat.cpp.o);llvm::APFloatBase::IEEEhalf();Defined DefinedKind
lib/libLLVMCore.a(AsmWriter.cpp.o);lib/libLLVMSupport.a(APFloat.cpp.o);llvm::APFloat::convertToDouble() const;Defined DefinedKind
lib/libLLVMCore.a(AsmWriter.cpp.o);lib/libLLVMSupport.a(APFloat.cpp.o);llvm::detail::IEEEFloat::IEEEFloat(llvm::detail::IEEEFloat&&);Defined DefinedKind
lib/libLLVMCore.a(AsmWriter.cpp.o);lib/libLLVMSupport.a(APFloat.cpp.o);llvm::APFloat::APFloat(llvm::fltSemantics const&, llvm::StringRef);Defined DefinedKind
lib/libLLVMCore.a(AsmWriter.cpp.o);lib/libLLVMSupport.a(APFloat.cpp.o);llvm::detail::IEEEFloat::IEEEFloat(llvm::detail::IEEEFloat const&);Defined DefinedKind
lib/libLLVMCore.a(AsmWriter.cpp.o);lib/libLLVMSupport.a(APFloat.cpp.o);llvm::detail::IEEEFloat::isSignaling() const;Defined DefinedKind
lib/libLLVMCore.a(AsmWriter.cpp.o);lib/libLLVMSupport.a(APFloat.cpp.o);llvm::APFloat::convert(llvm::fltSemantics const&, llvm::RoundingMode, bool*);Defined DefinedKind
lib/libLLVMCore.a(AsmWriter.cpp.o);lib/libLLVMSupport.a(APFloat.cpp.o);llvm::detail::DoubleAPFloat::DoubleAPFloat(llvm::detail::DoubleAPFloat const&);Defined DefinedKind
lib/libLLVMCore.a(AsmWriter.cpp.o);lib/libLLVMSupport.a(APFloat.cpp.o);llvm::detail::IEEEFloat::IEEEFloat(llvm::fltSemantics const&, llvm::APFloatBase::uninitializedTag);Defined DefinedKind
lib/libLLVMCore.a(AsmWriter.cpp.o);lib/libLLVMSupport.a(APFloat.cpp.o);llvm::detail::IEEEFloat::makeNaN(bool, bool, llvm::APInt const*);Defined DefinedKind
lib/libLLVMCore.a(AsmWriter.cpp.o);lib/libLLVMSupport.a(APFloat.cpp.o);llvm::detail::IEEEFloat::operator=(llvm::detail::IEEEFloat&&);Defined DefinedKind
lib/libLLVMCore.a(AsmWriter.cpp.o);lib/libLLVMSupport.a(APFloat.cpp.o);llvm::detail::DoubleAPFloat::bitcastToAPInt() const;Defined DefinedKind
lib/libLLVMCore.a(AsmWriter.cpp.o);lib/libLLVMSupport.a(APFloat.cpp.o);llvm::detail::DoubleAPFloat::toString(llvm::SmallVectorImpl<char>&, unsigned int, unsigned int, bool) const;Defined DefinedKind
lib/libLLVMCore.a(AsmWriter.cpp.o);lib/libLLVMSupport.a(APFloat.cpp.o);llvm::APFloatBase::PPCDoubleDouble();Defined DefinedKind
lib/libLLVMCore.a(AsmWriter.cpp.o);lib/libLLVMSupport.a(APInt.cpp.o);llvm::APInt::print(llvm::raw_ostream&, bool) const;Defined DefinedKind
lib/libLLVMCore.a(AsmWriter.cpp.o);lib/libLLVMSupport.a(APInt.cpp.o);llvm::APInt::getHiBits(unsigned int) const;Defined DefinedKind
lib/libLLVMCore.a(AsmWriter.cpp.o);lib/libLLVMSupport.a(APInt.cpp.o);llvm::APInt::getLoBits(unsigned int) const;Defined DefinedKind
lib/libLLVMCore.a(AsmWriter.cpp.o);lib/libLLVMSupport.a(raw_ostream.cpp.o);llvm::raw_ostream::SetBufferAndMode(char*, unsigned long, llvm::raw_ostream::BufferKind);Defined DefinedKind
lib/libLLVMCore.a(AsmWriter.cpp.o);lib/libLLVMSupport.a(raw_ostream.cpp.o);llvm::raw_ostream::flush_nonempty();Defined DefinedKind
lib/libLLVMCore.a(AsmWriter.cpp.o);lib/libLLVMSupport.a(raw_ostream.cpp.o);llvm::raw_ostream::operator<<(llvm::FormattedNumber const&);Defined DefinedKind
lib/libLLVMCore.a(AsmWriter.cpp.o);lib/libLLVMSupport.a(raw_ostream.cpp.o);llvm::raw_ostream::operator<<(long);Defined DefinedKind
lib/libLLVMCore.a(AsmWriter.cpp.o);lib/libLLVMSupport.a(raw_ostream.cpp.o);llvm::raw_ostream::write(unsigned char);Defined DefinedKind
lib/libLLVMCore.a(AsmWriter.cpp.o);lib/libLLVMSupport.a(raw_ostream.cpp.o);llvm::raw_ostream::operator<<(unsigned long);Defined DefinedKind
lib/libLLVMCore.a(AsmWriter.cpp.o);lib/libLLVMSupport.a(raw_ostream.cpp.o);llvm::raw_ostream::write(char const*, unsigned long);Defined DefinedKind
lib/libLLVMCore.a(AsmWriter.cpp.o);lib/libLLVMSupport.a(raw_ostream.cpp.o);llvm::raw_ostream::operator<<(void const*);Defined DefinedKind
lib/libLLVMCore.a(AsmWriter.cpp.o);lib/libLLVMSupport.a(raw_ostream.cpp.o);llvm::raw_ostream::~raw_ostream();Defined DefinedKind
lib/libLLVMCore.a(AsmWriter.cpp.o);lib/libLLVMSupport.a(raw_ostream.cpp.o);llvm::raw_ostream::preferred_buffer_size() const;Defined DefinedKind
lib/libLLVMCore.a(AsmWriter.cpp.o);lib/libLLVMSupport.a(StringExtras.cpp.o);llvm::printEscapedString(llvm::StringRef, llvm::raw_ostream&);Defined DefinedKind
lib/libLLVMCore.a(AsmWriter.cpp.o);lib/libLLVMCore.a(Attributes.cpp.o);llvm::AttributeList::hasAttributes(unsigned int) const;Defined DefinedKind
lib/libLLVMCore.a(AsmWriter.cpp.o);lib/libLLVMCore.a(Attributes.cpp.o);llvm::AttributeList::getParamAttributes(unsigned int) const;Defined DefinedKind
lib/libLLVMCore.a(AsmWriter.cpp.o);lib/libLLVMCore.a(Attributes.cpp.o);llvm::AttributeList::getAsString[abi:cxx11](unsigned int, bool) const;Defined DefinedKind
lib/libLLVMCore.a(AsmWriter.cpp.o);lib/libLLVMCore.a(Attributes.cpp.o);llvm::Attribute::isStringAttribute() const;Defined DefinedKind
lib/libLLVMCore.a(AsmWriter.cpp.o);lib/libLLVMCore.a(Attributes.cpp.o);llvm::AttributeSet::getAsString[abi:cxx11](bool) const;Defined DefinedKind
lib/libLLVMCore.a(AsmWriter.cpp.o);lib/libLLVMCore.a(Attributes.cpp.o);llvm::AttributeSet::end() const;Defined DefinedKind
lib/libLLVMCore.a(AsmWriter.cpp.o);lib/libLLVMCore.a(Attributes.cpp.o);llvm::Attribute::isTypeAttribute() const;Defined DefinedKind
lib/libLLVMCore.a(AsmWriter.cpp.o);lib/libLLVMCore.a(Attributes.cpp.o);llvm::Attribute::hasAttribute(llvm::Attribute::AttrKind) const;Defined DefinedKind
lib/libLLVMCore.a(AsmWriter.cpp.o);lib/libLLVMCore.a(Attributes.cpp.o);llvm::Attribute::getValueAsType() const;Defined DefinedKind
lib/libLLVMCore.a(AsmWriter.cpp.o);lib/libLLVMCore.a(Attributes.cpp.o);llvm::Attribute::getAsString[abi:cxx11](bool) const;Defined DefinedKind
lib/libLLVMCore.a(AsmWriter.cpp.o);lib/libLLVMCore.a(Attributes.cpp.o);llvm::AttributeList::getFnAttributes() const;Defined DefinedKind
lib/libLLVMCore.a(AsmWriter.cpp.o);lib/libLLVMCore.a(Attributes.cpp.o);llvm::AttributeSet::begin() const;Defined DefinedKind
lib/libLLVMCore.a(AsmWriter.cpp.o);lib/libLLVMSupport.a(FormattedStream.cpp.o);llvm::formatted_raw_ostream::PadToColumn(unsigned int);Defined DefinedKind
lib/libLLVMCore.a(AsmWriter.cpp.o);lib/libLLVMCore.a(BasicBlock.cpp.o);llvm::BasicBlock::isEntryBlock() const;Defined DefinedKind
lib/libLLVMCore.a(AsmWriter.cpp.o);lib/libLLVMCore.a(BasicBlock.cpp.o);llvm::BasicBlock::getModule() const;Defined DefinedKind
lib/libLLVMCore.a(AsmWriter.cpp.o);lib/libLLVMCore.a(Comdat.cpp.o);llvm::Comdat::getName() const;Defined DefinedKind
lib/libLLVMCore.a(AsmWriter.cpp.o);lib/libLLVMCore.a(Constants.cpp.o);llvm::ConstantExpr::hasIndices() const;Defined DefinedKind
lib/libLLVMCore.a(AsmWriter.cpp.o);lib/libLLVMCore.a(Constants.cpp.o);llvm::Constant::getAggregateElement(unsigned int) const;Defined DefinedKind
lib/libLLVMCore.a(AsmWriter.cpp.o);lib/libLLVMCore.a(Constants.cpp.o);llvm::ConstantDataSequential::getRawDataValues() const;Defined DefinedKind
lib/libLLVMCore.a(AsmWriter.cpp.o);lib/libLLVMCore.a(Constants.cpp.o);llvm::ConstantExpr::getOpcodeName() const;Defined DefinedKind
lib/libLLVMCore.a(AsmWriter.cpp.o);lib/libLLVMCore.a(Constants.cpp.o);llvm::ConstantExpr::isCompare() const;Defined DefinedKind
lib/libLLVMCore.a(AsmWriter.cpp.o);lib/libLLVMCore.a(Constants.cpp.o);llvm::ConstantExpr::getPredicate() const;Defined DefinedKind
lib/libLLVMCore.a(AsmWriter.cpp.o);lib/libLLVMCore.a(Constants.cpp.o);llvm::ConstantDataSequential::getNumElements() const;Defined DefinedKind
lib/libLLVMCore.a(AsmWriter.cpp.o);lib/libLLVMCore.a(Constants.cpp.o);llvm::ConstantDataSequential::getElementAsConstant(unsigned int) const;Defined DefinedKind
lib/libLLVMCore.a(AsmWriter.cpp.o);lib/libLLVMCore.a(Constants.cpp.o);llvm::ConstantDataSequential::isString(unsigned int) const;Defined DefinedKind
lib/libLLVMCore.a(AsmWriter.cpp.o);lib/libLLVMCore.a(Constants.cpp.o);llvm::ConstantExpr::isCast() const;Defined DefinedKind
lib/libLLVMCore.a(AsmWriter.cpp.o);lib/libLLVMCore.a(Constants.cpp.o);llvm::ConstantExpr::getShuffleMask() const;Defined DefinedKind
lib/libLLVMCore.a(AsmWriter.cpp.o);lib/libLLVMCore.a(Constants.cpp.o);llvm::ConstantExpr::getIndices() const;Defined DefinedKind
lib/libLLVMCore.a(AsmWriter.cpp.o);lib/libLLVMCore.a(DebugInfoMetadata.cpp.o);llvm::DIExpression::isValid() const;Defined DefinedKind
lib/libLLVMCore.a(AsmWriter.cpp.o);lib/libLLVMCore.a(DebugInfoMetadata.cpp.o);llvm::DIFile::getChecksumKindAsString(llvm::DIFile::ChecksumKind);Defined DefinedKind
lib/libLLVMCore.a(AsmWriter.cpp.o);lib/libLLVMCore.a(DebugInfoMetadata.cpp.o);llvm::DICompileUnit::nameTableKindString(llvm::DICompileUnit::DebugNameTableKind);Defined DefinedKind
lib/libLLVMCore.a(AsmWriter.cpp.o);lib/libLLVMCore.a(DebugInfoMetadata.cpp.o);llvm::DIExpression::isConstant() const;Defined DefinedKind
lib/libLLVMCore.a(AsmWriter.cpp.o);lib/libLLVMCore.a(DebugInfoMetadata.cpp.o);llvm::DICompileUnit::emissionKindString(llvm::DICompileUnit::DebugEmissionKind);Defined DefinedKind
lib/libLLVMCore.a(AsmWriter.cpp.o);lib/libLLVMCore.a(DebugInfoMetadata.cpp.o);llvm::DISubprogram::getFlagString(llvm::DISubprogram::DISPFlags);Defined DefinedKind
lib/libLLVMCore.a(AsmWriter.cpp.o);lib/libLLVMCore.a(DebugInfoMetadata.cpp.o);llvm::DISubprogram::splitFlags(llvm::DISubprogram::DISPFlags, llvm::SmallVectorImpl<llvm::DISubprogram::DISPFlags>&);Defined DefinedKind
lib/libLLVMCore.a(AsmWriter.cpp.o);lib/libLLVMCore.a(DebugInfoMetadata.cpp.o);llvm::DIExpression::ExprOperand::getSize() const;Defined DefinedKind
lib/libLLVMCore.a(AsmWriter.cpp.o);lib/libLLVMCore.a(DebugInfoMetadata.cpp.o);llvm::DINode::splitFlags(llvm::DINode::DIFlags, llvm::SmallVectorImpl<llvm::DINode::DIFlags>&);Defined DefinedKind
lib/libLLVMCore.a(AsmWriter.cpp.o);lib/libLLVMCore.a(DebugInfoMetadata.cpp.o);llvm::DINode::getFlagString(llvm::DINode::DIFlags);Defined DefinedKind
lib/libLLVMCore.a(AsmWriter.cpp.o);lib/libLLVMCore.a(Function.cpp.o);llvm::Function::getGC[abi:cxx11]() const;Defined DefinedKind
lib/libLLVMCore.a(AsmWriter.cpp.o);lib/libLLVMCore.a(Function.cpp.o);llvm::Function::getPrefixData() const;Defined DefinedKind
lib/libLLVMCore.a(AsmWriter.cpp.o);lib/libLLVMCore.a(Function.cpp.o);llvm::Function::getPrologueData() const;Defined DefinedKind
lib/libLLVMCore.a(AsmWriter.cpp.o);lib/libLLVMCore.a(Function.cpp.o);llvm::Function::BuildLazyArguments() const;Defined DefinedKind
lib/libLLVMCore.a(AsmWriter.cpp.o);lib/libLLVMCore.a(Function.cpp.o);llvm::Function::getPersonalityFn() const;Defined DefinedKind
lib/libLLVMCore.a(AsmWriter.cpp.o);lib/libLLVMCore.a(Globals.cpp.o);llvm::GlobalObject::getSectionImpl() const;Defined DefinedKind
lib/libLLVMCore.a(AsmWriter.cpp.o);lib/libLLVMCore.a(Globals.cpp.o);llvm::GlobalValue::getPartition() const;Defined DefinedKind
lib/libLLVMCore.a(AsmWriter.cpp.o);lib/libLLVMCore.a(Globals.cpp.o);llvm::GlobalValue::isDeclaration() const;Defined DefinedKind
lib/libLLVMCore.a(AsmWriter.cpp.o);lib/libLLVMCore.a(Globals.cpp.o);llvm::GlobalValue::isMaterializable() const;Defined DefinedKind
lib/libLLVMCore.a(AsmWriter.cpp.o);lib/libLLVMCore.a(Globals.cpp.o);llvm::GlobalValue::getAddressSpace() const;Defined DefinedKind
lib/libLLVMCore.a(AsmWriter.cpp.o);lib/libLLVMCore.a(Instruction.cpp.o);llvm::Instruction::isAtomic() const;Defined DefinedKind
lib/libLLVMCore.a(AsmWriter.cpp.o);lib/libLLVMCore.a(Instruction.cpp.o);llvm::Instruction::getOpcodeName(unsigned int);Defined DefinedKind
lib/libLLVMCore.a(AsmWriter.cpp.o);lib/libLLVMCore.a(Instructions.cpp.o);llvm::AllocaInst::isArrayAllocation() const;Defined DefinedKind
lib/libLLVMCore.a(AsmWriter.cpp.o);lib/libLLVMCore.a(Instructions.cpp.o);llvm::AtomicRMWInst::getOperationName(llvm::AtomicRMWInst::BinOp);Defined DefinedKind
lib/libLLVMCore.a(AsmWriter.cpp.o);lib/libLLVMCore.a(Instructions.cpp.o);llvm::CallBase::getNumSubclassExtraOperandsDynamic() const;Defined DefinedKind
lib/libLLVMCore.a(AsmWriter.cpp.o);lib/libLLVMCore.a(Instructions.cpp.o);llvm::CmpInst::getPredicateName(llvm::CmpInst::Predicate);Defined DefinedKind
lib/libLLVMCore.a(AsmWriter.cpp.o);lib/libLLVMCore.a(IntrinsicInst.cpp.o);llvm::GCRelocateInst::getDerivedPtr() const;Defined DefinedKind
lib/libLLVMCore.a(AsmWriter.cpp.o);lib/libLLVMCore.a(IntrinsicInst.cpp.o);llvm::GCRelocateInst::getBasePtr() const;Defined DefinedKind
lib/libLLVMCore.a(AsmWriter.cpp.o);lib/libLLVMCore.a(LLVMContext.cpp.o);llvm::LLVMContext::getSyncScopeNames(llvm::SmallVectorImpl<llvm::StringRef>&) const;Defined DefinedKind
lib/libLLVMCore.a(AsmWriter.cpp.o);lib/libLLVMCore.a(LLVMContext.cpp.o);llvm::LLVMContext::getMDKindNames(llvm::SmallVectorImpl<llvm::StringRef>&) const;Defined DefinedKind
lib/libLLVMCore.a(AsmWriter.cpp.o);lib/libLLVMCore.a(Metadata.cpp.o);llvm::MDString::getString() const;Defined DefinedKind
lib/libLLVMCore.a(AsmWriter.cpp.o);lib/libLLVMCore.a(Metadata.cpp.o);llvm::Instruction::getAllMetadataImpl(llvm::SmallVectorImpl<std::pair<unsigned int, llvm::MDNode*> >&) const;Defined DefinedKind
lib/libLLVMCore.a(AsmWriter.cpp.o);lib/libLLVMCore.a(Metadata.cpp.o);llvm::NamedMDNode::getOperand(unsigned int) const;Defined DefinedKind
lib/libLLVMCore.a(AsmWriter.cpp.o);lib/libLLVMCore.a(Metadata.cpp.o);llvm::Value::getAllMetadata(llvm::SmallVectorImpl<std::pair<unsigned int, llvm::MDNode*> >&) const;Defined DefinedKind
lib/libLLVMCore.a(AsmWriter.cpp.o);lib/libLLVMCore.a(Metadata.cpp.o);llvm::NamedMDNode::getNumOperands() const;Defined DefinedKind
lib/libLLVMCore.a(AsmWriter.cpp.o);lib/libLLVMCore.a(Metadata.cpp.o);llvm::NamedMDNode::getName() const;Defined DefinedKind
lib/libLLVMCore.a(AsmWriter.cpp.o);lib/libLLVMCore.a(Module.cpp.o);llvm::Module::getDataLayout() const;Defined DefinedKind
lib/libLLVMCore.a(AsmWriter.cpp.o);lib/libLLVMCore.a(Module.cpp.o);llvm::Module::global_objects() const;Defined DefinedKind
lib/libLLVMCore.a(AsmWriter.cpp.o);lib/libLLVMCore.a(Operator.cpp.o);llvm::GEPOperator::getSourceElementType() const;Defined DefinedKind
lib/libLLVMCore.a(AsmWriter.cpp.o);lib/libLLVMCore.a(Type.cpp.o);llvm::Type::isIntegerTy(unsigned int) const;Defined DefinedKind
lib/libLLVMCore.a(AsmWriter.cpp.o);lib/libLLVMCore.a(Type.cpp.o);llvm::StructType::getName() const;Defined DefinedKind
lib/libLLVMCore.a(AsmWriter.cpp.o);lib/libLLVMCore.a(TypeFinder.cpp.o);llvm::TypeFinder::run(llvm::Module const&, bool);Defined DefinedKind
lib/libLLVMCore.a(AsmWriter.cpp.o);lib/libLLVMCore.a(User.cpp.o);llvm::User::getDescriptor();Defined DefinedKind
lib/libLLVMCore.a(AsmWriter.cpp.o);lib/libLLVMCore.a(Value.cpp.o);llvm::Value::getContext() const;Defined DefinedKind
lib/libLLVMCore.a(AsmWriter.cpp.o);lib/libLLVMCore.a(Value.cpp.o);llvm::Value::getName() const;Defined DefinedKind
lib/libLLVMCore.a(AsmWriter.cpp.o);lib/libLLVMBinaryFormat.a(Dwarf.cpp.o);llvm::dwarf::OperationEncodingString(unsigned int);Defined DefinedKind
lib/libLLVMCore.a(AsmWriter.cpp.o);lib/libLLVMBinaryFormat.a(Dwarf.cpp.o);llvm::dwarf::AttributeEncodingString(unsigned int);Defined DefinedKind
lib/libLLVMCore.a(AsmWriter.cpp.o);lib/libLLVMBinaryFormat.a(Dwarf.cpp.o);llvm::dwarf::TagString(unsigned int);Defined DefinedKind
lib/libLLVMCore.a(AsmWriter.cpp.o);lib/libLLVMBinaryFormat.a(Dwarf.cpp.o);llvm::dwarf::MacinfoString(unsigned int);Defined DefinedKind
lib/libLLVMCore.a(AsmWriter.cpp.o);lib/libLLVMBinaryFormat.a(Dwarf.cpp.o);llvm::dwarf::ConventionString(unsigned int);Defined DefinedKind
lib/libLLVMCore.a(AsmWriter.cpp.o);lib/libLLVMBinaryFormat.a(Dwarf.cpp.o);llvm::dwarf::LanguageString(unsigned int);Defined DefinedKind
lib/libLLVMSupport.a(FormattedStream.cpp.o);lib/libLLVMSupport.a(ConvertUTF.cpp.o);llvm::getNumBytesForUTF8(unsigned char);Defined DefinedKind
lib/libLLVMSupport.a(FormattedStream.cpp.o);lib/libLLVMSupport.a(Unicode.cpp.o);llvm::sys::unicode::columnWidthUTF8(llvm::StringRef);Defined DefinedKind
lib/libLLVMSupport.a(FormattedStream.cpp.o);lib/libLLVMSupport.a(raw_ostream.cpp.o);llvm::raw_ostream::flush_nonempty();Defined DefinedKind
lib/libLLVMSupport.a(FormattedStream.cpp.o);lib/libLLVMSupport.a(raw_ostream.cpp.o);llvm::raw_ostream::SetBufferAndMode(char*, unsigned long, llvm::raw_ostream::BufferKind);Defined DefinedKind
lib/libLLVMSupport.a(FormattedStream.cpp.o);lib/libLLVMSupport.a(raw_ostream.cpp.o);llvm::raw_ostream::~raw_ostream();Defined DefinedKind
lib/libLLVMSupport.a(FormattedStream.cpp.o);lib/libLLVMSupport.a(raw_ostream.cpp.o);llvm::raw_ostream::preferred_buffer_size() const;Defined DefinedKind
lib/libLLVMSupport.a(FormattedStream.cpp.o);lib/libLLVMSupport.a(raw_ostream.cpp.o);llvm::raw_ostream::write(char const*, unsigned long);Defined DefinedKind
lib/libLLVMSupport.a(FormattedStream.cpp.o);lib/libLLVMSupport.a(raw_ostream.cpp.o);llvm::raw_ostream::indent(unsigned int);Defined DefinedKind
lib/libLLVMSupport.a(FormattedStream.cpp.o);lib/libLLVMSupport.a(raw_ostream.cpp.o);llvm::outs();Defined DefinedKind
lib/libLLVMSupport.a(FormattedStream.cpp.o);lib/libLLVMSupport.a(raw_ostream.cpp.o);llvm::errs();Defined DefinedKind
lib/libLLVMSupport.a(FormattedStream.cpp.o);lib/libLLVMSupport.a(raw_ostream.cpp.o);llvm::raw_ostream::anchor();Defined DefinedKind
lib/libLLVMCore.a(AutoUpgrade.cpp.o);lib/libLLVMSupport.a(ErrorHandling.cpp.o);llvm::report_fatal_error(char const*, bool);Defined DefinedKind
lib/libLLVMCore.a(AutoUpgrade.cpp.o);lib/libLLVMSupport.a(StringRef.cpp.o);llvm::StringRef::split(llvm::SmallVectorImpl<llvm::StringRef>&, llvm::StringRef, int, bool) const;Defined DefinedKind
lib/libLLVMCore.a(AutoUpgrade.cpp.o);lib/libLLVMSupport.a(StringRef.cpp.o);llvm::StringRef::find(llvm::StringRef, unsigned long) const;Defined DefinedKind
lib/libLLVMCore.a(AutoUpgrade.cpp.o);lib/libLLVMSupport.a(StringRef.cpp.o);llvm::StringRef::find_first_not_of(llvm::StringRef, unsigned long) const;Defined DefinedKind
lib/libLLVMCore.a(AutoUpgrade.cpp.o);lib/libLLVMSupport.a(StringRef.cpp.o);llvm::StringRef::find_last_not_of(llvm::StringRef, unsigned long) const;Defined DefinedKind
lib/libLLVMCore.a(AutoUpgrade.cpp.o);lib/libLLVMSupport.a(StringRef.cpp.o);llvm::StringRef::split(llvm::SmallVectorImpl<llvm::StringRef>&, char, int, bool) const;Defined DefinedKind
lib/libLLVMCore.a(AutoUpgrade.cpp.o);lib/libLLVMSupport.a(APInt.cpp.o);llvm::APInt::countLeadingZerosSlowCase() const;Defined DefinedKind
lib/libLLVMCore.a(AutoUpgrade.cpp.o);lib/libLLVMSupport.a(APInt.cpp.o);llvm::APInt::countTrailingOnesSlowCase() const;Defined DefinedKind
lib/libLLVMCore.a(AutoUpgrade.cpp.o);lib/libLLVMSupport.a(Triple.cpp.o);llvm::Triple::Triple(llvm::Twine const&);Defined DefinedKind
lib/libLLVMCore.a(AutoUpgrade.cpp.o);lib/libLLVMSupport.a(Twine.cpp.o);llvm::Twine::str[abi:cxx11]() const;Defined DefinedKind
lib/libLLVMCore.a(AutoUpgrade.cpp.o);lib/libLLVMSupport.a(TypeSize.cpp.o);llvm::TypeSize::operator unsigned long() const;Defined DefinedKind
lib/libLLVMCore.a(AutoUpgrade.cpp.o);lib/libLLVMSupport.a(raw_ostream.cpp.o);llvm::errs();Defined DefinedKind
lib/libLLVMCore.a(AutoUpgrade.cpp.o);lib/libLLVMSupport.a(raw_ostream.cpp.o);llvm::raw_ostream::~raw_ostream();Defined DefinedKind
lib/libLLVMCore.a(AutoUpgrade.cpp.o);lib/libLLVMSupport.a(raw_ostream.cpp.o);llvm::raw_ostream::write(char const*, unsigned long);Defined DefinedKind
lib/libLLVMCore.a(AutoUpgrade.cpp.o);lib/libLLVMSupport.a(raw_ostream.cpp.o);llvm::raw_ostream::write(unsigned char);Defined DefinedKind
lib/libLLVMCore.a(AutoUpgrade.cpp.o);lib/libLLVMSupport.a(raw_ostream.cpp.o);llvm::raw_ostream::SetBufferAndMode(char*, unsigned long, llvm::raw_ostream::BufferKind);Defined DefinedKind
lib/libLLVMCore.a(AutoUpgrade.cpp.o);lib/libLLVMCore.a(Attributes.cpp.o);llvm::AttributeFuncs::typeIncompatible(llvm::Type*);Defined DefinedKind
lib/libLLVMCore.a(AutoUpgrade.cpp.o);lib/libLLVMCore.a(Attributes.cpp.o);llvm::AttributeList::hasParamAttribute(unsigned int, llvm::Attribute::AttrKind) const;Defined DefinedKind
lib/libLLVMCore.a(AutoUpgrade.cpp.o);lib/libLLVMCore.a(Attributes.cpp.o);llvm::Attribute::getWithByValType(llvm::LLVMContext&, llvm::Type*);Defined DefinedKind
lib/libLLVMCore.a(AutoUpgrade.cpp.o);lib/libLLVMCore.a(Attributes.cpp.o);llvm::AttributeList::hasFnAttribute(llvm::Attribute::AttrKind) const;Defined DefinedKind
lib/libLLVMCore.a(AutoUpgrade.cpp.o);lib/libLLVMCore.a(Attributes.cpp.o);llvm::AttrBuilder::addAttribute(llvm::StringRef, llvm::StringRef);Defined DefinedKind
lib/libLLVMCore.a(AutoUpgrade.cpp.o);lib/libLLVMCore.a(Attributes.cpp.o);llvm::AttributeList::removeAttribute(llvm::LLVMContext&, unsigned int, llvm::Attribute::AttrKind) const;Defined DefinedKind
lib/libLLVMCore.a(AutoUpgrade.cpp.o);lib/libLLVMCore.a(Attributes.cpp.o);llvm::AttrBuilder::removeAttribute(llvm::StringRef);Defined DefinedKind
lib/libLLVMCore.a(AutoUpgrade.cpp.o);lib/libLLVMCore.a(Attributes.cpp.o);llvm::AttrBuilder::contains(llvm::StringRef) const;Defined DefinedKind
lib/libLLVMCore.a(AutoUpgrade.cpp.o);lib/libLLVMCore.a(Attributes.cpp.o);llvm::AttributeList::addParamAttribute(llvm::LLVMContext&, llvm::ArrayRef<unsigned int>, llvm::Attribute) const;Defined DefinedKind
lib/libLLVMCore.a(AutoUpgrade.cpp.o);lib/libLLVMCore.a(Attributes.cpp.o);llvm::Attribute::getWithAlignment(llvm::LLVMContext&, llvm::Align);Defined DefinedKind
lib/libLLVMCore.a(AutoUpgrade.cpp.o);lib/libLLVMCore.a(Attributes.cpp.o);llvm::AttributeList::addAttribute(llvm::LLVMContext&, unsigned int, llvm::Attribute::AttrKind) const;Defined DefinedKind
lib/libLLVMCore.a(AutoUpgrade.cpp.o);lib/libLLVMSupport.a(Regex.cpp.o);llvm::Regex::match(llvm::StringRef, llvm::SmallVectorImpl<llvm::StringRef>*, std::__cxx11::basic_string<char, std::char_traits<char>, std::allocator<char> >*) const;Defined DefinedKind
lib/libLLVMCore.a(AutoUpgrade.cpp.o);lib/libLLVMSupport.a(Regex.cpp.o);llvm::Regex::~Regex();Defined DefinedKind
lib/libLLVMCore.a(AutoUpgrade.cpp.o);lib/libLLVMSupport.a(Regex.cpp.o);llvm::Regex::Regex(llvm::StringRef, llvm::Regex::RegexFlags);Defined DefinedKind
lib/libLLVMCore.a(AutoUpgrade.cpp.o);lib/libLLVMCore.a(BasicBlock.cpp.o);llvm::BasicBlock::getModule() const;Defined DefinedKind
lib/libLLVMCore.a(AutoUpgrade.cpp.o);lib/libLLVMCore.a(BasicBlock.cpp.o);llvm::BasicBlock::getContext() const;Defined DefinedKind
lib/libLLVMCore.a(AutoUpgrade.cpp.o);lib/libLLVMCore.a(Constants.cpp.o);llvm::Constant::getUniqueInteger() const;Defined DefinedKind
lib/libLLVMCore.a(AutoUpgrade.cpp.o);lib/libLLVMCore.a(Constants.cpp.o);llvm::ConstantInt::get(llvm::Type*, llvm::APInt const&);Defined DefinedKind
lib/libLLVMCore.a(AutoUpgrade.cpp.o);lib/libLLVMCore.a(Constants.cpp.o);llvm::ConstantExpr::getInsertElement(llvm::Constant*, llvm::Constant*, llvm::Constant*, llvm::Type*);Defined DefinedKind
lib/libLLVMCore.a(AutoUpgrade.cpp.o);lib/libLLVMCore.a(Constants.cpp.o);llvm::Constant::getAllOnesValue(llvm::Type*);Defined DefinedKind
lib/libLLVMCore.a(AutoUpgrade.cpp.o);lib/libLLVMCore.a(Constants.cpp.o);llvm::ConstantAggregateZero::get(llvm::Type*);Defined DefinedKind
lib/libLLVMCore.a(AutoUpgrade.cpp.o);lib/libLLVMCore.a(Constants.cpp.o);llvm::ConstantInt::get(llvm::Type*, unsigned long, bool);Defined DefinedKind
lib/libLLVMCore.a(AutoUpgrade.cpp.o);lib/libLLVMCore.a(Constants.cpp.o);llvm::ConstantExpr::getIntToPtr(llvm::Constant*, llvm::Type*, bool);Defined DefinedKind
lib/libLLVMCore.a(AutoUpgrade.cpp.o);lib/libLLVMCore.a(Constants.cpp.o);llvm::ConstantExpr::getIntegerCast(llvm::Constant*, llvm::Type*, bool);Defined DefinedKind
lib/libLLVMCore.a(AutoUpgrade.cpp.o);lib/libLLVMCore.a(Constants.cpp.o);llvm::ConstantExpr::getPtrToInt(llvm::Constant*, llvm::Type*, bool);Defined DefinedKind
lib/libLLVMCore.a(AutoUpgrade.cpp.o);lib/libLLVMCore.a(Constants.cpp.o);llvm::ConstantInt::get(llvm::IntegerType*, unsigned long, bool);Defined DefinedKind
lib/libLLVMCore.a(AutoUpgrade.cpp.o);lib/libLLVMCore.a(Constants.cpp.o);llvm::Constant::isNullValue() const;Defined DefinedKind
lib/libLLVMCore.a(AutoUpgrade.cpp.o);lib/libLLVMCore.a(Constants.cpp.o);llvm::ConstantExpr::getAShr(llvm::Constant*, llvm::Constant*, bool);Defined DefinedKind
lib/libLLVMCore.a(AutoUpgrade.cpp.o);lib/libLLVMCore.a(Constants.cpp.o);llvm::ConstantExpr::getExtractElement(llvm::Constant*, llvm::Constant*, llvm::Type*);Defined DefinedKind
lib/libLLVMCore.a(AutoUpgrade.cpp.o);lib/libLLVMCore.a(Constants.cpp.o);llvm::ConstantArray::get(llvm::ArrayType*, llvm::ArrayRef<llvm::Constant*>);Defined DefinedKind
lib/libLLVMCore.a(AutoUpgrade.cpp.o);lib/libLLVMCore.a(Constants.cpp.o);llvm::ConstantExpr::getCompare(unsigned short, llvm::Constant*, llvm::Constant*, bool);Defined DefinedKind
lib/libLLVMCore.a(AutoUpgrade.cpp.o);lib/libLLVMCore.a(Constants.cpp.o);llvm::ConstantStruct::get(llvm::StructType*, llvm::ArrayRef<llvm::Constant*>);Defined DefinedKind
lib/libLLVMCore.a(AutoUpgrade.cpp.o);lib/libLLVMCore.a(Constants.cpp.o);llvm::Constant::getAggregateElement(unsigned int) const;Defined DefinedKind
lib/libLLVMCore.a(AutoUpgrade.cpp.o);lib/libLLVMCore.a(Constants.cpp.o);llvm::ConstantExpr::getFNeg(llvm::Constant*);Defined DefinedKind
lib/libLLVMCore.a(AutoUpgrade.cpp.o);lib/libLLVMCore.a(Constants.cpp.o);llvm::ConstantExpr::getShl(llvm::Constant*, llvm::Constant*, bool, bool);Defined DefinedKind
lib/libLLVMCore.a(AutoUpgrade.cpp.o);lib/libLLVMCore.a(Constants.cpp.o);llvm::ConstantExpr::getCast(unsigned int, llvm::Constant*, llvm::Type*, bool);Defined DefinedKind
lib/libLLVMCore.a(AutoUpgrade.cpp.o);lib/libLLVMCore.a(Constants.cpp.o);llvm::PoisonValue::get(llvm::Type*);Defined DefinedKind
lib/libLLVMCore.a(AutoUpgrade.cpp.o);lib/libLLVMCore.a(Constants.cpp.o);llvm::ConstantExpr::getMul(llvm::Constant*, llvm::Constant*, bool, bool);Defined DefinedKind
lib/libLLVMCore.a(AutoUpgrade.cpp.o);lib/libLLVMCore.a(Constants.cpp.o);llvm::Constant::isAllOnesValue() const;Defined DefinedKind
lib/libLLVMCore.a(AutoUpgrade.cpp.o);lib/libLLVMCore.a(Constants.cpp.o);llvm::Constant::isZeroValue() const;Defined DefinedKind
lib/libLLVMCore.a(AutoUpgrade.cpp.o);lib/libLLVMCore.a(Constants.cpp.o);llvm::ConstantInt::getFalse(llvm::LLVMContext&);Defined DefinedKind
lib/libLLVMCore.a(AutoUpgrade.cpp.o);lib/libLLVMCore.a(Constants.cpp.o);llvm::ConstantExpr::getPointerCast(llvm::Constant*, llvm::Type*);Defined DefinedKind
lib/libLLVMCore.a(AutoUpgrade.cpp.o);lib/libLLVMCore.a(Constants.cpp.o);llvm::ConstantExpr::getNot(llvm::Constant*);Defined DefinedKind
lib/libLLVMCore.a(AutoUpgrade.cpp.o);lib/libLLVMCore.a(Constants.cpp.o);llvm::ConstantExpr::getAnd(llvm::Constant*, llvm::Constant*);Defined DefinedKind
lib/libLLVMCore.a(AutoUpgrade.cpp.o);lib/libLLVMCore.a(Constants.cpp.o);llvm::ConstantExpr::getOr(llvm::Constant*, llvm::Constant*);Defined DefinedKind
lib/libLLVMCore.a(AutoUpgrade.cpp.o);lib/libLLVMCore.a(Constants.cpp.o);llvm::ConstantExpr::get(unsigned int, llvm::Constant*, llvm::Constant*, unsigned int, llvm::Type*);Defined DefinedKind
lib/libLLVMCore.a(AutoUpgrade.cpp.o);lib/libLLVMCore.a(Constants.cpp.o);llvm::Constant::getNullValue(llvm::Type*);Defined DefinedKind
lib/libLLVMCore.a(AutoUpgrade.cpp.o);lib/libLLVMCore.a(Constants.cpp.o);llvm::ConstantExpr::getAdd(llvm::Constant*, llvm::Constant*, bool, bool);Defined DefinedKind
lib/libLLVMCore.a(AutoUpgrade.cpp.o);lib/libLLVMCore.a(Constants.cpp.o);llvm::ConstantExpr::getSub(llvm::Constant*, llvm::Constant*, bool, bool);Defined DefinedKind
lib/libLLVMCore.a(AutoUpgrade.cpp.o);lib/libLLVMCore.a(Constants.cpp.o);llvm::UndefValue::get(llvm::Type*);Defined DefinedKind
lib/libLLVMCore.a(AutoUpgrade.cpp.o);lib/libLLVMCore.a(Constants.cpp.o);llvm::ConstantExpr::getExtractValue(llvm::Constant*, llvm::ArrayRef<unsigned int>, llvm::Type*);Defined DefinedKind
lib/libLLVMCore.a(AutoUpgrade.cpp.o);lib/libLLVMCore.a(Constants.cpp.o);llvm::ConstantExpr::getNeg(llvm::Constant*, bool, bool);Defined DefinedKind
lib/libLLVMCore.a(AutoUpgrade.cpp.o);lib/libLLVMCore.a(Constants.cpp.o);llvm::ConstantExpr::getShuffleVector(llvm::Constant*, llvm::Constant*, llvm::ArrayRef<int>, llvm::Type*);Defined DefinedKind
lib/libLLVMCore.a(AutoUpgrade.cpp.o);lib/libLLVMCore.a(DataLayout.cpp.o);llvm::DataLayout::getABITypeAlign(llvm::Type*) const;Defined DefinedKind
lib/libLLVMCore.a(AutoUpgrade.cpp.o);lib/libLLVMCore.a(DataLayout.cpp.o);llvm::DataLayout::getPointerSize(unsigned int) const;Defined DefinedKind
lib/libLLVMCore.a(AutoUpgrade.cpp.o);lib/libLLVMCore.a(DataLayout.cpp.o);llvm::DataLayout::getStructLayout(llvm::StructType*) const;Defined DefinedKind
lib/libLLVMCore.a(AutoUpgrade.cpp.o);lib/libLLVMCore.a(DataLayout.cpp.o);llvm::DataLayout::getABITypeAlignment(llvm::Type*) const;Defined DefinedKind
lib/libLLVMCore.a(AutoUpgrade.cpp.o);lib/libLLVMCore.a(DebugInfo.cpp.o);llvm::getDebugMetadataVersionFromModule(llvm::Module const&);Defined DefinedKind
lib/libLLVMCore.a(AutoUpgrade.cpp.o);lib/libLLVMCore.a(DebugInfo.cpp.o);llvm::StripDebugInfo(llvm::Module&);Defined DefinedKind
lib/libLLVMCore.a(AutoUpgrade.cpp.o);lib/libLLVMCore.a(Function.cpp.o);llvm::Intrinsic::getDeclaration(llvm::Module*, unsigned int, llvm::ArrayRef<llvm::Type*>);Defined DefinedKind
lib/libLLVMCore.a(AutoUpgrade.cpp.o);lib/libLLVMCore.a(Function.cpp.o);llvm::Function::addParamAttr(unsigned int, llvm::Attribute);Defined DefinedKind
lib/libLLVMCore.a(AutoUpgrade.cpp.o);lib/libLLVMCore.a(Function.cpp.o);llvm::Function::removeAttributes(unsigned int, llvm::AttrBuilder const&);Defined DefinedKind
lib/libLLVMCore.a(AutoUpgrade.cpp.o);lib/libLLVMCore.a(Function.cpp.o);llvm::Argument::removeAttrs(llvm::AttrBuilder const&);Defined DefinedKind
lib/libLLVMCore.a(AutoUpgrade.cpp.o);lib/libLLVMCore.a(Function.cpp.o);llvm::Intrinsic::getName[abi:cxx11](unsigned int, llvm::ArrayRef<llvm::Type*>, llvm::Module*, llvm::FunctionType*);Defined DefinedKind
lib/libLLVMCore.a(AutoUpgrade.cpp.o);lib/libLLVMCore.a(Function.cpp.o);llvm::Intrinsic::getAttributes(llvm::LLVMContext&, unsigned int);Defined DefinedKind
lib/libLLVMCore.a(AutoUpgrade.cpp.o);lib/libLLVMCore.a(Function.cpp.o);llvm::Function::eraseFromParent();Defined DefinedKind
lib/libLLVMCore.a(AutoUpgrade.cpp.o);lib/libLLVMCore.a(Function.cpp.o);llvm::Function::Function(llvm::FunctionType*, llvm::GlobalValue::LinkageTypes, unsigned int, llvm::Twine const&, llvm::Module*);Defined DefinedKind
lib/libLLVMCore.a(AutoUpgrade.cpp.o);lib/libLLVMCore.a(Function.cpp.o);llvm::Function::getContext() const;Defined DefinedKind
lib/libLLVMCore.a(AutoUpgrade.cpp.o);lib/libLLVMCore.a(Function.cpp.o);llvm::Intrinsic::remangleIntrinsicFunction(llvm::Function*);Defined DefinedKind
lib/libLLVMCore.a(AutoUpgrade.cpp.o);lib/libLLVMCore.a(Function.cpp.o);llvm::Function::BuildLazyArguments() const;Defined DefinedKind
lib/libLLVMCore.a(AutoUpgrade.cpp.o);lib/libLLVMCore.a(Globals.cpp.o);llvm::GlobalVariable::GlobalVariable(llvm::Type*, bool, llvm::GlobalValue::LinkageTypes, llvm::Constant*, llvm::Twine const&, llvm::GlobalValue::ThreadLocalMode, unsigned int, bool);Defined DefinedKind
lib/libLLVMCore.a(AutoUpgrade.cpp.o);lib/libLLVMCore.a(Globals.cpp.o);llvm::GlobalObject::getSectionImpl() const;Defined DefinedKind
lib/libLLVMCore.a(AutoUpgrade.cpp.o);lib/libLLVMCore.a(Globals.cpp.o);llvm::GlobalObject::setSection(llvm::StringRef);Defined DefinedKind
lib/libLLVMCore.a(AutoUpgrade.cpp.o);lib/libLLVMCore.a(Globals.cpp.o);llvm::GlobalValue::isDeclaration() const;Defined DefinedKind
lib/libLLVMCore.a(AutoUpgrade.cpp.o);lib/libLLVMCore.a(Globals.cpp.o);llvm::GlobalValue::getAddressSpace() const;Defined DefinedKind
lib/libLLVMCore.a(AutoUpgrade.cpp.o);lib/libLLVMCore.a(IRBuilder.cpp.o);llvm::IRBuilderBase::CreateVectorSplat(unsigned int, llvm::Value*, llvm::Twine const&);Defined DefinedKind
lib/libLLVMCore.a(AutoUpgrade.cpp.o);lib/libLLVMCore.a(IRBuilder.cpp.o);llvm::IRBuilderBase::CreateSelect(llvm::Value*, llvm::Value*, llvm::Value*, llvm::Twine const&, llvm::Instruction*);Defined DefinedKind
lib/libLLVMCore.a(AutoUpgrade.cpp.o);lib/libLLVMCore.a(IRBuilder.cpp.o);llvm::IRBuilderBase::CreateConstrainedFPCast(unsigned int, llvm::Value*, llvm::Type*, llvm::Instruction*, llvm::Twine const&, llvm::MDNode*, llvm::Optional<llvm::RoundingMode>, llvm::Optional<llvm::fp::ExceptionBehavior>);Defined DefinedKind
lib/libLLVMCore.a(AutoUpgrade.cpp.o);lib/libLLVMCore.a(IRBuilder.cpp.o);llvm::IRBuilderBase::CreateMaskedLoad(llvm::Value*, llvm::Align, llvm::Value*, llvm::Value*, llvm::Twine const&);Defined DefinedKind
lib/libLLVMCore.a(AutoUpgrade.cpp.o);lib/libLLVMCore.a(IRBuilder.cpp.o);llvm::IRBuilderBase::CreateMaskedStore(llvm::Value*, llvm::Value*, llvm::Align, llvm::Value*);Defined DefinedKind
lib/libLLVMCore.a(AutoUpgrade.cpp.o);lib/libLLVMCore.a(IRBuilder.cpp.o);llvm::IRBuilderBase::CreateConstrainedFPBinOp(unsigned int, llvm::Value*, llvm::Value*, llvm::Instruction*, llvm::Twine const&, llvm::MDNode*, llvm::Optional<llvm::RoundingMode>, llvm::Optional<llvm::fp::ExceptionBehavior>);Defined DefinedKind
lib/libLLVMCore.a(AutoUpgrade.cpp.o);lib/libLLVMCore.a(IRBuilder.cpp.o);llvm::IRBuilderFolder::~IRBuilderFolder();Defined DefinedKind
lib/libLLVMCore.a(AutoUpgrade.cpp.o);lib/libLLVMCore.a(IRBuilder.cpp.o);llvm::IRBuilderDefaultInserter::~IRBuilderDefaultInserter();Defined DefinedKind
lib/libLLVMCore.a(AutoUpgrade.cpp.o);lib/libLLVMCore.a(Instruction.cpp.o);llvm::Instruction::getModule() const;Defined DefinedKind
lib/libLLVMCore.a(AutoUpgrade.cpp.o);lib/libLLVMCore.a(Instruction.cpp.o);llvm::Instruction::setHasNoSignedWrap(bool);Defined DefinedKind
lib/libLLVMCore.a(AutoUpgrade.cpp.o);lib/libLLVMCore.a(Instruction.cpp.o);llvm::Instruction::Instruction(llvm::Type*, unsigned int, llvm::Use*, unsigned int, llvm::Instruction*);Defined DefinedKind
lib/libLLVMCore.a(AutoUpgrade.cpp.o);lib/libLLVMCore.a(Instruction.cpp.o);llvm::Instruction::copyMetadata(llvm::Instruction const&, llvm::ArrayRef<unsigned int>);Defined DefinedKind
lib/libLLVMCore.a(AutoUpgrade.cpp.o);lib/libLLVMCore.a(Instruction.cpp.o);llvm::Instruction::setFastMathFlags(llvm::FastMathFlags);Defined DefinedKind
lib/libLLVMCore.a(AutoUpgrade.cpp.o);lib/libLLVMCore.a(Instruction.cpp.o);llvm::Instruction::eraseFromParent();Defined DefinedKind
lib/libLLVMCore.a(AutoUpgrade.cpp.o);lib/libLLVMCore.a(Instruction.cpp.o);llvm::Instruction::setHasNoUnsignedWrap(bool);Defined DefinedKind
lib/libLLVMCore.a(AutoUpgrade.cpp.o);lib/libLLVMCore.a(Instructions.cpp.o);llvm::ShuffleVectorInst::getShuffleMask(llvm::Constant const*, llvm::SmallVectorImpl<int>&);Defined DefinedKind
lib/libLLVMCore.a(AutoUpgrade.cpp.o);lib/libLLVMCore.a(Instructions.cpp.o);llvm::AtomicRMWInst::AtomicRMWInst(llvm::AtomicRMWInst::BinOp, llvm::Value*, llvm::Value*, llvm::Align, llvm::AtomicOrdering, unsigned char, llvm::Instruction*);Defined DefinedKind
lib/libLLVMCore.a(AutoUpgrade.cpp.o);lib/libLLVMCore.a(Instructions.cpp.o);llvm::CastInst::castIsValid(llvm::Instruction::CastOps, llvm::Type*, llvm::Type*);Defined DefinedKind
lib/libLLVMCore.a(AutoUpgrade.cpp.o);lib/libLLVMCore.a(Instructions.cpp.o);llvm::CallBase::hasFnAttrOnCalledFunction(llvm::Attribute::AttrKind) const;Defined DefinedKind
lib/libLLVMCore.a(AutoUpgrade.cpp.o);lib/libLLVMCore.a(Instructions.cpp.o);llvm::InsertElementInst::InsertElementInst(llvm::Value*, llvm::Value*, llvm::Value*, llvm::Twine const&, llvm::Instruction*);Defined DefinedKind
lib/libLLVMCore.a(AutoUpgrade.cpp.o);lib/libLLVMCore.a(Instructions.cpp.o);llvm::CastInst::CreatePointerCast(llvm::Value*, llvm::Type*, llvm::Twine const&, llvm::Instruction*);Defined DefinedKind
lib/libLLVMCore.a(AutoUpgrade.cpp.o);lib/libLLVMCore.a(Instructions.cpp.o);llvm::StoreInst::StoreInst(llvm::Value*, llvm::Value*, bool, llvm::Align, llvm::Instruction*);Defined DefinedKind
lib/libLLVMCore.a(AutoUpgrade.cpp.o);lib/libLLVMCore.a(Instructions.cpp.o);llvm::ExtractValueInst::getIndexedType(llvm::Type*, llvm::ArrayRef<unsigned int>);Defined DefinedKind
lib/libLLVMCore.a(AutoUpgrade.cpp.o);lib/libLLVMCore.a(Instructions.cpp.o);llvm::ExtractValueInst::init(llvm::ArrayRef<unsigned int>, llvm::Twine const&);Defined DefinedKind
lib/libLLVMCore.a(AutoUpgrade.cpp.o);lib/libLLVMCore.a(Instructions.cpp.o);llvm::ShuffleVectorInst::ShuffleVectorInst(llvm::Value*, llvm::Value*, llvm::ArrayRef<int>, llvm::Twine const&, llvm::Instruction*);Defined DefinedKind
lib/libLLVMCore.a(AutoUpgrade.cpp.o);lib/libLLVMCore.a(Instructions.cpp.o);llvm::CastInst::Create(llvm::Instruction::CastOps, llvm::Value*, llvm::Type*, llvm::Twine const&, llvm::Instruction*);Defined DefinedKind
lib/libLLVMCore.a(AutoUpgrade.cpp.o);lib/libLLVMCore.a(Instructions.cpp.o);llvm::ExtractElementInst::ExtractElementInst(llvm::Value*, llvm::Value*, llvm::Twine const&, llvm::Instruction*);Defined DefinedKind
lib/libLLVMCore.a(AutoUpgrade.cpp.o);lib/libLLVMCore.a(Instructions.cpp.o);llvm::CallInst::init(llvm::FunctionType*, llvm::Value*, llvm::ArrayRef<llvm::Value*>, llvm::ArrayRef<llvm::OperandBundleDefT<llvm::Value*> >, llvm::Twine const&);Defined DefinedKind
lib/libLLVMCore.a(AutoUpgrade.cpp.o);lib/libLLVMCore.a(Instructions.cpp.o);llvm::LoadInst::LoadInst(llvm::Type*, llvm::Value*, llvm::Twine const&, bool, llvm::Align, llvm::Instruction*);Defined DefinedKind
lib/libLLVMCore.a(AutoUpgrade.cpp.o);lib/libLLVMCore.a(Instructions.cpp.o);llvm::BinaryOperator::CreateNot(llvm::Value*, llvm::Twine const&, llvm::Instruction*);Defined DefinedKind
lib/libLLVMCore.a(AutoUpgrade.cpp.o);lib/libLLVMCore.a(Instructions.cpp.o);llvm::UnaryOperator::Create(llvm::Instruction::UnaryOps, llvm::Value*, llvm::Twine const&, llvm::Instruction*);Defined DefinedKind
lib/libLLVMCore.a(AutoUpgrade.cpp.o);lib/libLLVMCore.a(Instructions.cpp.o);llvm::BinaryOperator::CreateNeg(llvm::Value*, llvm::Twine const&, llvm::Instruction*);Defined DefinedKind
lib/libLLVMCore.a(AutoUpgrade.cpp.o);lib/libLLVMCore.a(Instructions.cpp.o);llvm::BinaryOperator::Create(llvm::Instruction::BinaryOps, llvm::Value*, llvm::Value*, llvm::Twine const&, llvm::Instruction*);Defined DefinedKind
lib/libLLVMCore.a(AutoUpgrade.cpp.o);lib/libLLVMCore.a(Instructions.cpp.o);llvm::CmpInst::CmpInst(llvm::Type*, llvm::Instruction::OtherOps, llvm::CmpInst::Predicate, llvm::Value*, llvm::Value*, llvm::Twine const&, llvm::Instruction*, llvm::Instruction*);Defined DefinedKind
lib/libLLVMCore.a(AutoUpgrade.cpp.o);lib/libLLVMCore.a(Instructions.cpp.o);llvm::CallBase::getNumSubclassExtraOperandsDynamic() const;Defined DefinedKind
lib/libLLVMCore.a(AutoUpgrade.cpp.o);lib/libLLVMCore.a(Instructions.cpp.o);llvm::CastInst::CreateIntegerCast(llvm::Value*, llvm::Type*, bool, llvm::Twine const&, llvm::Instruction*);Defined DefinedKind
lib/libLLVMCore.a(AutoUpgrade.cpp.o);lib/libLLVMCore.a(IntrinsicInst.cpp.o);llvm::ConstrainedFPIntrinsic::classof(llvm::IntrinsicInst const*);Defined DefinedKind
lib/libLLVMCore.a(AutoUpgrade.cpp.o);lib/libLLVMCore.a(LLVMContext.cpp.o);llvm::LLVMContext::diagnose(llvm::DiagnosticInfo const&);Defined DefinedKind
lib/libLLVMCore.a(AutoUpgrade.cpp.o);lib/libLLVMCore.a(Metadata.cpp.o);llvm::Instruction::setMetadata(unsigned int, llvm::MDNode*);Defined DefinedKind
lib/libLLVMCore.a(AutoUpgrade.cpp.o);lib/libLLVMCore.a(Metadata.cpp.o);llvm::MDString::get(llvm::LLVMContext&, llvm::StringRef);Defined DefinedKind
lib/libLLVMCore.a(AutoUpgrade.cpp.o);lib/libLLVMCore.a(Metadata.cpp.o);llvm::ValueAsMetadata::get(llvm::Value*);Defined DefinedKind
lib/libLLVMCore.a(AutoUpgrade.cpp.o);lib/libLLVMCore.a(Metadata.cpp.o);llvm::NamedMDNode::setOperand(unsigned int, llvm::MDNode*);Defined DefinedKind
lib/libLLVMCore.a(AutoUpgrade.cpp.o);lib/libLLVMCore.a(Metadata.cpp.o);llvm::MDTuple::getImpl(llvm::LLVMContext&, llvm::ArrayRef<llvm::Metadata*>, llvm::Metadata::StorageType, bool);Defined DefinedKind
lib/libLLVMCore.a(AutoUpgrade.cpp.o);lib/libLLVMCore.a(Metadata.cpp.o);llvm::NamedMDNode::getOperand(unsigned int) const;Defined DefinedKind
lib/libLLVMCore.a(AutoUpgrade.cpp.o);lib/libLLVMCore.a(Metadata.cpp.o);llvm::NamedMDNode::getNumOperands() const;Defined DefinedKind
lib/libLLVMCore.a(AutoUpgrade.cpp.o);lib/libLLVMCore.a(Metadata.cpp.o);llvm::MetadataTracking::track(void*, llvm::Metadata&, llvm::PointerUnion<llvm::MetadataAsValue*, llvm::Metadata*>);Defined DefinedKind
lib/libLLVMCore.a(AutoUpgrade.cpp.o);lib/libLLVMCore.a(Metadata.cpp.o);llvm::MetadataTracking::untrack(void*, llvm::Metadata&);Defined DefinedKind
lib/libLLVMCore.a(AutoUpgrade.cpp.o);lib/libLLVMCore.a(Metadata.cpp.o);llvm::MDString::getString() const;Defined DefinedKind
lib/libLLVMCore.a(AutoUpgrade.cpp.o);lib/libLLVMCore.a(Module.cpp.o);llvm::Module::getMDKindID(llvm::StringRef) const;Defined DefinedKind
lib/libLLVMCore.a(AutoUpgrade.cpp.o);lib/libLLVMCore.a(Module.cpp.o);llvm::Module::addModuleFlag(llvm::Module::ModFlagBehavior, llvm::StringRef, llvm::Metadata*);Defined DefinedKind
lib/libLLVMCore.a(AutoUpgrade.cpp.o);lib/libLLVMCore.a(Module.cpp.o);llvm::Module::eraseNamedMetadata(llvm::NamedMDNode*);Defined DefinedKind
lib/libLLVMCore.a(AutoUpgrade.cpp.o);lib/libLLVMCore.a(Module.cpp.o);llvm::Module::getNamedMetadata(llvm::Twine const&) const;Defined DefinedKind
lib/libLLVMCore.a(AutoUpgrade.cpp.o);lib/libLLVMCore.a(Module.cpp.o);llvm::Module::getModuleFlagsMetadata() const;Defined DefinedKind
lib/libLLVMCore.a(AutoUpgrade.cpp.o);lib/libLLVMCore.a(Module.cpp.o);llvm::Module::addModuleFlag(llvm::Module::ModFlagBehavior, llvm::StringRef, unsigned int);Defined DefinedKind
lib/libLLVMCore.a(AutoUpgrade.cpp.o);lib/libLLVMCore.a(Module.cpp.o);llvm::Module::addModuleFlag(llvm::Module::ModFlagBehavior, llvm::StringRef, llvm::Constant*);Defined DefinedKind
lib/libLLVMCore.a(AutoUpgrade.cpp.o);lib/libLLVMCore.a(Module.cpp.o);llvm::Module::getFunction(llvm::StringRef) const;Defined DefinedKind
lib/libLLVMCore.a(AutoUpgrade.cpp.o);lib/libLLVMCore.a(Module.cpp.o);llvm::Module::getDataLayout() const;Defined DefinedKind
lib/libLLVMCore.a(AutoUpgrade.cpp.o);lib/libLLVMCore.a(Type.cpp.o);llvm::Type::getInt8Ty(llvm::LLVMContext&);Defined DefinedKind
lib/libLLVMCore.a(AutoUpgrade.cpp.o);lib/libLLVMCore.a(Type.cpp.o);llvm::Type::getInt16Ty(llvm::LLVMContext&);Defined DefinedKind
lib/libLLVMCore.a(AutoUpgrade.cpp.o);lib/libLLVMCore.a(Type.cpp.o);llvm::Type::getInt32Ty(llvm::LLVMContext&);Defined DefinedKind
lib/libLLVMCore.a(AutoUpgrade.cpp.o);lib/libLLVMCore.a(Type.cpp.o);llvm::Type::getHalfTy(llvm::LLVMContext&);Defined DefinedKind
lib/libLLVMCore.a(AutoUpgrade.cpp.o);lib/libLLVMCore.a(Type.cpp.o);llvm::ArrayType::get(llvm::Type*, unsigned long);Defined DefinedKind
lib/libLLVMCore.a(AutoUpgrade.cpp.o);lib/libLLVMCore.a(Type.cpp.o);llvm::Type::getInt1Ty(llvm::LLVMContext&);Defined DefinedKind
lib/libLLVMCore.a(AutoUpgrade.cpp.o);lib/libLLVMCore.a(Type.cpp.o);llvm::FixedVectorType::get(llvm::Type*, unsigned int);Defined DefinedKind
lib/libLLVMCore.a(AutoUpgrade.cpp.o);lib/libLLVMCore.a(Type.cpp.o);llvm::StructType::get(llvm::LLVMContext&, llvm::ArrayRef<llvm::Type*>, bool);Defined DefinedKind
lib/libLLVMCore.a(AutoUpgrade.cpp.o);lib/libLLVMCore.a(Type.cpp.o);llvm::Type::getInt8PtrTy(llvm::LLVMContext&, unsigned int);Defined DefinedKind
lib/libLLVMCore.a(AutoUpgrade.cpp.o);lib/libLLVMCore.a(Type.cpp.o);llvm::PointerType::get(llvm::Type*, unsigned int);Defined DefinedKind
lib/libLLVMCore.a(AutoUpgrade.cpp.o);lib/libLLVMCore.a(Type.cpp.o);llvm::Type::getPrimitiveSizeInBits() const;Defined DefinedKind
lib/libLLVMCore.a(AutoUpgrade.cpp.o);lib/libLLVMCore.a(Type.cpp.o);llvm::Type::getIntNTy(llvm::LLVMContext&, unsigned int);Defined DefinedKind
lib/libLLVMCore.a(AutoUpgrade.cpp.o);lib/libLLVMCore.a(Type.cpp.o);llvm::Type::getBFloatTy(llvm::LLVMContext&);Defined DefinedKind
lib/libLLVMCore.a(AutoUpgrade.cpp.o);lib/libLLVMCore.a(Type.cpp.o);llvm::Type::getInt64Ty(llvm::LLVMContext&);Defined DefinedKind
lib/libLLVMCore.a(AutoUpgrade.cpp.o);lib/libLLVMCore.a(Type.cpp.o);llvm::IntegerType::get(llvm::LLVMContext&, unsigned int);Defined DefinedKind
lib/libLLVMCore.a(AutoUpgrade.cpp.o);lib/libLLVMCore.a(Type.cpp.o);llvm::FunctionType::get(llvm::Type*, llvm::ArrayRef<llvm::Type*>, bool);Defined DefinedKind
lib/libLLVMCore.a(AutoUpgrade.cpp.o);lib/libLLVMCore.a(Type.cpp.o);llvm::VectorType::get(llvm::Type*, llvm::ElementCount);Defined DefinedKind
lib/libLLVMCore.a(AutoUpgrade.cpp.o);lib/libLLVMCore.a(Type.cpp.o);llvm::Type::getScalarSizeInBits() const;Defined DefinedKind
lib/libLLVMCore.a(AutoUpgrade.cpp.o);lib/libLLVMCore.a(Type.cpp.o);llvm::Type::isIntegerTy(unsigned int) const;Defined DefinedKind
lib/libLLVMCore.a(AutoUpgrade.cpp.o);lib/libLLVMCore.a(Type.cpp.o);llvm::Type::getPointerTo(unsigned int) const;Defined DefinedKind
lib/libLLVMCore.a(AutoUpgrade.cpp.o);lib/libLLVMCore.a(Type.cpp.o);llvm::Type::getFloatTy(llvm::LLVMContext&);Defined DefinedKind
lib/libLLVMCore.a(AutoUpgrade.cpp.o);lib/libLLVMCore.a(User.cpp.o);llvm::User::operator new(unsigned long, unsigned int, unsigned int);Defined DefinedKind
lib/libLLVMCore.a(AutoUpgrade.cpp.o);lib/libLLVMCore.a(User.cpp.o);llvm::User::getDescriptor();Defined DefinedKind
lib/libLLVMCore.a(AutoUpgrade.cpp.o);lib/libLLVMCore.a(User.cpp.o);llvm::User::operator new(unsigned long, unsigned int);Defined DefinedKind
lib/libLLVMCore.a(AutoUpgrade.cpp.o);lib/libLLVMCore.a(User.cpp.o);llvm::User::operator new(unsigned long);Defined DefinedKind
lib/libLLVMCore.a(AutoUpgrade.cpp.o);lib/libLLVMCore.a(Value.cpp.o);llvm::Value::setName(llvm::Twine const&);Defined DefinedKind
lib/libLLVMCore.a(AutoUpgrade.cpp.o);lib/libLLVMCore.a(Value.cpp.o);llvm::Value::getContext() const;Defined DefinedKind
lib/libLLVMCore.a(AutoUpgrade.cpp.o);lib/libLLVMCore.a(Value.cpp.o);llvm::Value::getName() const;Defined DefinedKind
lib/libLLVMCore.a(AutoUpgrade.cpp.o);lib/libLLVMCore.a(Value.cpp.o);llvm::Value::takeName(llvm::Value*);Defined DefinedKind
lib/libLLVMCore.a(AutoUpgrade.cpp.o);lib/libLLVMCore.a(Value.cpp.o);llvm::Value::replaceAllUsesWith(llvm::Value*);Defined DefinedKind
lib/libLLVMCore.a(AutoUpgrade.cpp.o);lib/libLLVMCore.a(Verifier.cpp.o);llvm::verifyModule(llvm::Module const&, llvm::raw_ostream*, bool*);Defined DefinedKind
lib/libLLVMSupport.a(Regex.cpp.o);lib/libLLVMSupport.a(StringRef.cpp.o);llvm::StringRef::find(llvm::StringRef, unsigned long) const;Defined DefinedKind
lib/libLLVMSupport.a(Regex.cpp.o);lib/libLLVMSupport.a(StringRef.cpp.o);llvm::StringRef::find_first_not_of(llvm::StringRef, unsigned long) const;Defined DefinedKind
lib/libLLVMSupport.a(Regex.cpp.o);lib/libLLVMSupport.a(StringRef.cpp.o);llvm::getAsUnsignedInteger(llvm::StringRef, unsigned int, unsigned long long&);Defined DefinedKind
lib/libLLVMSupport.a(Regex.cpp.o);lib/libLLVMSupport.a(StringRef.cpp.o);llvm::StringRef::find_first_of(llvm::StringRef, unsigned long) const;Defined DefinedKind
lib/libLLVMSupport.a(Regex.cpp.o);lib/libLLVMSupport.a(Twine.cpp.o);llvm::Twine::str[abi:cxx11]() const;Defined DefinedKind
lib/libLLVMSupport.a(Regex.cpp.o);lib/libLLVMSupport.a(regcomp.c.o);llvm_regcomp;Defined DefinedKind
lib/libLLVMSupport.a(Regex.cpp.o);lib/libLLVMSupport.a(regfree.c.o);llvm_regfree;Defined DefinedKind
lib/libLLVMSupport.a(Regex.cpp.o);lib/libLLVMSupport.a(regerror.c.o);llvm_regerror;Defined DefinedKind
lib/libLLVMSupport.a(Regex.cpp.o);lib/libLLVMSupport.a(regexec.c.o);llvm_regexec;Defined DefinedKind
lib/libLLVMSupport.a(regcomp.c.o);lib/libLLVMSupport.a(regstrlcpy.c.o);llvm_strlcpy;Defined DefinedKind
lib/libLLVMSupport.a(regcomp.c.o);lib/libLLVMSupport.a(regfree.c.o);llvm_regfree;Defined DefinedKind
lib/libLLVMSupport.a(regerror.c.o);lib/libLLVMSupport.a(regstrlcpy.c.o);llvm_strlcpy;Defined DefinedKind
lib/libLLVMCore.a(BasicBlock.cpp.o);lib/libLLVMSupport.a(SmallPtrSet.cpp.o);llvm::SmallPtrSetImplBase::insert_imp_big(void const*);Defined DefinedKind
lib/libLLVMCore.a(BasicBlock.cpp.o);lib/libLLVMCore.a(Constants.cpp.o);llvm::ConstantInt::get(llvm::IntegerType*, unsigned long, bool);Defined DefinedKind
lib/libLLVMCore.a(BasicBlock.cpp.o);lib/libLLVMCore.a(Constants.cpp.o);llvm::ConstantExpr::getIntToPtr(llvm::Constant*, llvm::Type*, bool);Defined DefinedKind
lib/libLLVMCore.a(BasicBlock.cpp.o);lib/libLLVMCore.a(Constants.cpp.o);llvm::Constant::destroyConstant();Defined DefinedKind
lib/libLLVMCore.a(BasicBlock.cpp.o);lib/libLLVMCore.a(Instruction.cpp.o);llvm::Instruction::setParent(llvm::BasicBlock*);Defined DefinedKind
lib/libLLVMCore.a(BasicBlock.cpp.o);lib/libLLVMCore.a(Instruction.cpp.o);llvm::Instruction::eraseFromParent();Defined DefinedKind
lib/libLLVMCore.a(BasicBlock.cpp.o);lib/libLLVMCore.a(Instruction.cpp.o);llvm::Instruction::getNumSuccessors() const;Defined DefinedKind
lib/libLLVMCore.a(BasicBlock.cpp.o);lib/libLLVMCore.a(Instruction.cpp.o);llvm::Instruction::getSuccessor(unsigned int) const;Defined DefinedKind
lib/libLLVMCore.a(BasicBlock.cpp.o);lib/libLLVMCore.a(Metadata.cpp.o);llvm::MetadataTracking::retrack(void*, llvm::Metadata&, void*);Defined DefinedKind
lib/libLLVMCore.a(BasicBlock.cpp.o);lib/libLLVMCore.a(Metadata.cpp.o);llvm::MetadataTracking::untrack(void*, llvm::Metadata&);Defined DefinedKind
lib/libLLVMCore.a(BasicBlock.cpp.o);lib/libLLVMCore.a(Metadata.cpp.o);llvm::MetadataTracking::track(void*, llvm::Metadata&, llvm::PointerUnion<llvm::MetadataAsValue*, llvm::Metadata*>);Defined DefinedKind
lib/libLLVMCore.a(BasicBlock.cpp.o);lib/libLLVMCore.a(Metadata.cpp.o);llvm::MDString::getString() const;Defined DefinedKind
lib/libLLVMCore.a(BasicBlock.cpp.o);lib/libLLVMCore.a(Metadata.cpp.o);llvm::Instruction::getMetadataImpl(unsigned int) const;Defined DefinedKind
lib/libLLVMCore.a(BasicBlock.cpp.o);lib/libLLVMCore.a(Type.cpp.o);llvm::Type::getInt32Ty(llvm::LLVMContext&);Defined DefinedKind
lib/libLLVMCore.a(BasicBlock.cpp.o);lib/libLLVMCore.a(Type.cpp.o);llvm::Type::getLabelTy(llvm::LLVMContext&);Defined DefinedKind
lib/libLLVMCore.a(BasicBlock.cpp.o);lib/libLLVMCore.a(User.cpp.o);llvm::User::operator new(unsigned long, unsigned int);Defined DefinedKind
lib/libLLVMCore.a(BasicBlock.cpp.o);lib/libLLVMCore.a(Value.cpp.o);llvm::Value::replaceAllUsesWith(llvm::Value*);Defined DefinedKind
lib/libLLVMCore.a(BasicBlock.cpp.o);lib/libLLVMCore.a(Value.cpp.o);llvm::Value::~Value();Defined DefinedKind
lib/libLLVMCore.a(BasicBlock.cpp.o);lib/libLLVMCore.a(Value.cpp.o);llvm::Value::deleteValue();Defined DefinedKind
lib/libLLVMCore.a(BasicBlock.cpp.o);lib/libLLVMCore.a(Value.cpp.o);llvm::Value::Value(llvm::Type*, unsigned int);Defined DefinedKind
lib/libLLVMCore.a(BasicBlock.cpp.o);lib/libLLVMCore.a(Value.cpp.o);llvm::Value::setName(llvm::Twine const&);Defined DefinedKind
lib/libLLVMCore.a(BasicBlock.cpp.o);lib/libLLVMCore.a(Value.cpp.o);llvm::Value::getValueName() const;Defined DefinedKind
lib/libLLVMCore.a(BasicBlock.cpp.o);lib/libLLVMCore.a(ValueSymbolTable.cpp.o);llvm::ValueSymbolTable::removeValueName(llvm::StringMapEntry<llvm::Value*>*);Defined DefinedKind
lib/libLLVMCore.a(BasicBlock.cpp.o);lib/libLLVMCore.a(ValueSymbolTable.cpp.o);llvm::ValueSymbolTable::reinsertValue(llvm::Value*);Defined DefinedKind
lib/libLLVMCore.a(Comdat.cpp.o);lib/libLLVMCore.a(Module.cpp.o);llvm::Module::getOrInsertComdat(llvm::StringRef);Defined DefinedKind
lib/libLLVMCore.a(ConstantRange.cpp.o);lib/libLLVMSupport.a(APInt.cpp.o);llvm::APInt::compare(llvm::APInt const&) const;Defined DefinedKind
lib/libLLVMCore.a(ConstantRange.cpp.o);lib/libLLVMSupport.a(APInt.cpp.o);llvm::APInt::print(llvm::raw_ostream&, bool) const;Defined DefinedKind
lib/libLLVMCore.a(ConstantRange.cpp.o);lib/libLLVMSupport.a(APInt.cpp.o);llvm::APInt::operator<<=(llvm::APInt const&);Defined DefinedKind
lib/libLLVMCore.a(ConstantRange.cpp.o);lib/libLLVMSupport.a(APInt.cpp.o);llvm::APInt::XorAssignSlowCase(llvm::APInt const&);Defined DefinedKind
lib/libLLVMCore.a(ConstantRange.cpp.o);lib/libLLVMSupport.a(APInt.cpp.o);llvm::APInt::OrAssignSlowCase(llvm::APInt const&);Defined DefinedKind
lib/libLLVMCore.a(ConstantRange.cpp.o);lib/libLLVMSupport.a(APInt.cpp.o);llvm::APInt::sdiv(llvm::APInt const&) const;Defined DefinedKind
lib/libLLVMCore.a(ConstantRange.cpp.o);lib/libLLVMSupport.a(APInt.cpp.o);llvm::APInt::udiv(llvm::APInt const&) const;Defined DefinedKind
lib/libLLVMCore.a(ConstantRange.cpp.o);lib/libLLVMSupport.a(APInt.cpp.o);llvm::APInt::operator*(llvm::APInt const&) const;Defined DefinedKind
lib/libLLVMCore.a(ConstantRange.cpp.o);lib/libLLVMSupport.a(APInt.cpp.o);llvm::APInt::AndAssignSlowCase(llvm::APInt const&);Defined DefinedKind
lib/libLLVMCore.a(ConstantRange.cpp.o);lib/libLLVMSupport.a(APInt.cpp.o);llvm::APInt::trunc(unsigned int) const;Defined DefinedKind
lib/libLLVMCore.a(ConstantRange.cpp.o);lib/libLLVMSupport.a(APInt.cpp.o);llvm::APInt::setBitsSlowCase(unsigned int, unsigned int);Defined DefinedKind
lib/libLLVMCore.a(ConstantRange.cpp.o);lib/libLLVMSupport.a(APInt.cpp.o);llvm::APInt::sext(unsigned int) const;Defined DefinedKind
lib/libLLVMCore.a(ConstantRange.cpp.o);lib/libLLVMSupport.a(APInt.cpp.o);llvm::APInt::zext(unsigned int) const;Defined DefinedKind
lib/libLLVMCore.a(ConstantRange.cpp.o);lib/libLLVMSupport.a(APInt.cpp.o);llvm::APInt::lshrInPlace(llvm::APInt const&);Defined DefinedKind
lib/libLLVMCore.a(ConstantRange.cpp.o);lib/libLLVMSupport.a(APInt.cpp.o);llvm::APInt::ashrInPlace(llvm::APInt const&);Defined DefinedKind
lib/libLLVMCore.a(ConstantRange.cpp.o);lib/libLLVMSupport.a(APInt.cpp.o);llvm::APInt::operator+=(llvm::APInt const&);Defined DefinedKind
lib/libLLVMCore.a(ConstantRange.cpp.o);lib/libLLVMSupport.a(APInt.cpp.o);llvm::APInt::countLeadingOnesSlowCase() const;Defined DefinedKind
lib/libLLVMCore.a(ConstantRange.cpp.o);lib/libLLVMSupport.a(APInt.cpp.o);llvm::APInt::flipAllBitsSlowCase();Defined DefinedKind
lib/libLLVMCore.a(ConstantRange.cpp.o);lib/libLLVMSupport.a(APInt.cpp.o);llvm::APInt::operator++();Defined DefinedKind
lib/libLLVMCore.a(ConstantRange.cpp.o);lib/libLLVMSupport.a(APInt.cpp.o);llvm::APInt::AssignSlowCase(llvm::APInt const&);Defined DefinedKind
lib/libLLVMCore.a(ConstantRange.cpp.o);lib/libLLVMSupport.a(APInt.cpp.o);llvm::APInt::countLeadingZerosSlowCase() const;Defined DefinedKind
lib/libLLVMCore.a(ConstantRange.cpp.o);lib/libLLVMSupport.a(APInt.cpp.o);llvm::APInt::countTrailingZerosSlowCase() const;Defined DefinedKind
lib/libLLVMCore.a(ConstantRange.cpp.o);lib/libLLVMSupport.a(APInt.cpp.o);llvm::APInt::compareSigned(llvm::APInt const&) const;Defined DefinedKind
lib/libLLVMCore.a(ConstantRange.cpp.o);lib/libLLVMSupport.a(APInt.cpp.o);llvm::APInt::countTrailingOnesSlowCase() const;Defined DefinedKind
lib/libLLVMCore.a(ConstantRange.cpp.o);lib/libLLVMSupport.a(APInt.cpp.o);llvm::APInt::EqualSlowCase(llvm::APInt const&) const;Defined DefinedKind
lib/libLLVMCore.a(ConstantRange.cpp.o);lib/libLLVMSupport.a(APInt.cpp.o);llvm::APInt::initSlowCase(unsigned long, bool);Defined DefinedKind
lib/libLLVMCore.a(ConstantRange.cpp.o);lib/libLLVMSupport.a(APInt.cpp.o);llvm::APInt::initSlowCase(llvm::APInt const&);Defined DefinedKind
lib/libLLVMCore.a(ConstantRange.cpp.o);lib/libLLVMSupport.a(APInt.cpp.o);llvm::APInt::operator-=(llvm::APInt const&);Defined DefinedKind
lib/libLLVMCore.a(ConstantRange.cpp.o);lib/libLLVMSupport.a(raw_ostream.cpp.o);llvm::raw_ostream::write(char const*, unsigned long);Defined DefinedKind
lib/libLLVMCore.a(ConstantRange.cpp.o);lib/libLLVMCore.a(Instructions.cpp.o);llvm::CmpInst::getInversePredicate(llvm::CmpInst::Predicate);Defined DefinedKind
lib/libLLVMCore.a(Constants.cpp.o);lib/libLLVMSupport.a(MemAlloc.cpp.o);llvm::deallocate_buffer(void*, unsigned long, unsigned long);Defined DefinedKind
lib/libLLVMCore.a(Constants.cpp.o);lib/libLLVMSupport.a(MemAlloc.cpp.o);llvm::allocate_buffer(unsigned long, unsigned long);Defined DefinedKind
lib/libLLVMCore.a(Constants.cpp.o);lib/libLLVMSupport.a(SmallPtrSet.cpp.o);llvm::SmallPtrSetImplBase::insert_imp_big(void const*);Defined DefinedKind
lib/libLLVMCore.a(Constants.cpp.o);lib/libLLVMSupport.a(StringMap.cpp.o);llvm::StringMapImpl::FindKey(llvm::StringRef) const;Defined DefinedKind
lib/libLLVMCore.a(Constants.cpp.o);lib/libLLVMSupport.a(StringMap.cpp.o);llvm::StringMapImpl::RemoveKey(llvm::StringMapEntryBase*);Defined DefinedKind
lib/libLLVMCore.a(Constants.cpp.o);lib/libLLVMSupport.a(StringMap.cpp.o);llvm::StringMapImpl::LookupBucketFor(llvm::StringRef);Defined DefinedKind
lib/libLLVMCore.a(Constants.cpp.o);lib/libLLVMSupport.a(StringMap.cpp.o);llvm::StringMapImpl::RehashTable(unsigned int);Defined DefinedKind
lib/libLLVMCore.a(Constants.cpp.o);lib/libLLVMSupport.a(StringRef.cpp.o);guard variable for llvm::hashing::detail::get_execution_seed()::seed;Defined DefinedKind
lib/libLLVMCore.a(Constants.cpp.o);lib/libLLVMSupport.a(StringRef.cpp.o);llvm::hashing::detail::get_execution_seed()::seed;Defined DefinedKind
lib/libLLVMCore.a(Constants.cpp.o);lib/libLLVMSupport.a(APFloat.cpp.o);llvm::detail::DoubleAPFloat::DoubleAPFloat(llvm::fltSemantics const&, llvm::APInt const&);Defined DefinedKind
lib/libLLVMCore.a(Constants.cpp.o);lib/libLLVMSupport.a(APFloat.cpp.o);llvm::detail::IEEEFloat::makeInf(bool);Defined DefinedKind
lib/libLLVMCore.a(Constants.cpp.o);lib/libLLVMSupport.a(APFloat.cpp.o);llvm::detail::IEEEFloat::IEEEFloat(llvm::fltSemantics const&, llvm::APFloatBase::uninitializedTag);Defined DefinedKind
lib/libLLVMCore.a(Constants.cpp.o);lib/libLLVMSupport.a(APFloat.cpp.o);llvm::APFloatBase::IEEEhalf();Defined DefinedKind
lib/libLLVMCore.a(Constants.cpp.o);lib/libLLVMSupport.a(APFloat.cpp.o);llvm::APFloatBase::IEEEquad();Defined DefinedKind
lib/libLLVMCore.a(Constants.cpp.o);lib/libLLVMSupport.a(APFloat.cpp.o);llvm::detail::DoubleAPFloat::operator=(llvm::detail::DoubleAPFloat const&);Defined DefinedKind
lib/libLLVMCore.a(Constants.cpp.o);lib/libLLVMSupport.a(APFloat.cpp.o);llvm::detail::IEEEFloat::operator=(llvm::detail::IEEEFloat const&);Defined DefinedKind
lib/libLLVMCore.a(Constants.cpp.o);lib/libLLVMSupport.a(APFloat.cpp.o);llvm::detail::DoubleAPFloat::DoubleAPFloat(llvm::detail::DoubleAPFloat&&);Defined DefinedKind
lib/libLLVMCore.a(Constants.cpp.o);lib/libLLVMSupport.a(APFloat.cpp.o);llvm::detail::IEEEFloat::IEEEFloat(llvm::detail::IEEEFloat&&);Defined DefinedKind
lib/libLLVMCore.a(Constants.cpp.o);lib/libLLVMSupport.a(APFloat.cpp.o);llvm::detail::IEEEFloat::operator=(llvm::detail::IEEEFloat&&);Defined DefinedKind
lib/libLLVMCore.a(Constants.cpp.o);lib/libLLVMSupport.a(APFloat.cpp.o);llvm::detail::IEEEFloat::IEEEFloat(llvm::fltSemantics const&, llvm::APInt const&);Defined DefinedKind
lib/libLLVMCore.a(Constants.cpp.o);lib/libLLVMSupport.a(APFloat.cpp.o);llvm::APFloatBase::IEEEsingle();Defined DefinedKind
lib/libLLVMCore.a(Constants.cpp.o);lib/libLLVMSupport.a(APFloat.cpp.o);llvm::detail::DoubleAPFloat::bitcastToAPInt() const;Defined DefinedKind
lib/libLLVMCore.a(Constants.cpp.o);lib/libLLVMSupport.a(APFloat.cpp.o);llvm::detail::DoubleAPFloat::DoubleAPFloat(llvm::fltSemantics const&, unsigned long);Defined DefinedKind
lib/libLLVMCore.a(Constants.cpp.o);lib/libLLVMSupport.a(APFloat.cpp.o);llvm::hash_value(llvm::APFloat const&);Defined DefinedKind
lib/libLLVMCore.a(Constants.cpp.o);lib/libLLVMSupport.a(APFloat.cpp.o);llvm::detail::IEEEFloat::IEEEFloat(llvm::fltSemantics const&, unsigned long);Defined DefinedKind
lib/libLLVMCore.a(Constants.cpp.o);lib/libLLVMSupport.a(APFloat.cpp.o);llvm::APFloatBase::Bogus();Defined DefinedKind
lib/libLLVMCore.a(Constants.cpp.o);lib/libLLVMSupport.a(APFloat.cpp.o);llvm::detail::IEEEFloat::bitcastToAPInt() const;Defined DefinedKind
lib/libLLVMCore.a(Constants.cpp.o);lib/libLLVMSupport.a(APFloat.cpp.o);llvm::detail::IEEEFloat::~IEEEFloat();Defined DefinedKind
lib/libLLVMCore.a(Constants.cpp.o);lib/libLLVMSupport.a(APFloat.cpp.o);llvm::APFloatBase::PPCDoubleDouble();Defined DefinedKind
lib/libLLVMCore.a(Constants.cpp.o);lib/libLLVMSupport.a(APFloat.cpp.o);llvm::APFloat::getAllOnesValue(llvm::fltSemantics const&, unsigned int);Defined DefinedKind
lib/libLLVMCore.a(Constants.cpp.o);lib/libLLVMSupport.a(APFloat.cpp.o);llvm::detail::DoubleAPFloat::makeInf(bool);Defined DefinedKind
lib/libLLVMCore.a(Constants.cpp.o);lib/libLLVMSupport.a(APFloat.cpp.o);llvm::APFloatBase::x87DoubleExtended();Defined DefinedKind
lib/libLLVMCore.a(Constants.cpp.o);lib/libLLVMSupport.a(APFloat.cpp.o);llvm::detail::IEEEFloat::IEEEFloat(double);Defined DefinedKind
lib/libLLVMCore.a(Constants.cpp.o);lib/libLLVMSupport.a(APFloat.cpp.o);llvm::APFloat::Storage::Storage(llvm::detail::IEEEFloat, llvm::fltSemantics const&);Defined DefinedKind
lib/libLLVMCore.a(Constants.cpp.o);lib/libLLVMSupport.a(APFloat.cpp.o);llvm::APFloat::convert(llvm::fltSemantics const&, llvm::RoundingMode, bool*);Defined DefinedKind
lib/libLLVMCore.a(Constants.cpp.o);lib/libLLVMSupport.a(APFloat.cpp.o);llvm::detail::IEEEFloat::bitwiseIsEqual(llvm::detail::IEEEFloat const&) const;Defined DefinedKind
lib/libLLVMCore.a(Constants.cpp.o);lib/libLLVMSupport.a(APFloat.cpp.o);llvm::APFloatBase::IEEEdouble();Defined DefinedKind
lib/libLLVMCore.a(Constants.cpp.o);lib/libLLVMSupport.a(APFloat.cpp.o);llvm::APFloatBase::BFloat();Defined DefinedKind
lib/libLLVMCore.a(Constants.cpp.o);lib/libLLVMSupport.a(APFloat.cpp.o);llvm::detail::DoubleAPFloat::bitwiseIsEqual(llvm::detail::DoubleAPFloat const&) const;Defined DefinedKind
lib/libLLVMCore.a(Constants.cpp.o);lib/libLLVMSupport.a(APFloat.cpp.o);llvm::detail::DoubleAPFloat::DoubleAPFloat(llvm::fltSemantics const&, llvm::APFloatBase::uninitializedTag);Defined DefinedKind
lib/libLLVMCore.a(Constants.cpp.o);lib/libLLVMSupport.a(APFloat.cpp.o);llvm::APFloat::APFloat(llvm::fltSemantics const&, llvm::StringRef);Defined DefinedKind
lib/libLLVMCore.a(Constants.cpp.o);lib/libLLVMSupport.a(APFloat.cpp.o);llvm::detail::IEEEFloat::IEEEFloat(llvm::detail::IEEEFloat const&);Defined DefinedKind
lib/libLLVMCore.a(Constants.cpp.o);lib/libLLVMSupport.a(APFloat.cpp.o);llvm::detail::DoubleAPFloat::DoubleAPFloat(llvm::detail::DoubleAPFloat const&);Defined DefinedKind
lib/libLLVMCore.a(Constants.cpp.o);lib/libLLVMSupport.a(APFloat.cpp.o);llvm::detail::DoubleAPFloat::makeNaN(bool, bool, llvm::APInt const*);Defined DefinedKind
lib/libLLVMCore.a(Constants.cpp.o);lib/libLLVMSupport.a(APFloat.cpp.o);llvm::detail::IEEEFloat::makeNaN(bool, bool, llvm::APInt const*);Defined DefinedKind
lib/libLLVMCore.a(Constants.cpp.o);lib/libLLVMSupport.a(APFloat.cpp.o);llvm::detail::DoubleAPFloat::makeZero(bool);Defined DefinedKind
lib/libLLVMCore.a(Constants.cpp.o);lib/libLLVMSupport.a(APFloat.cpp.o);llvm::detail::IEEEFloat::makeZero(bool);Defined DefinedKind
lib/libLLVMCore.a(Constants.cpp.o);lib/libLLVMSupport.a(APInt.cpp.o);llvm::APInt::countLeadingZerosSlowCase() const;Defined DefinedKind
lib/libLLVMCore.a(Constants.cpp.o);lib/libLLVMSupport.a(APInt.cpp.o);llvm::APInt::countPopulationSlowCase() const;Defined DefinedKind
lib/libLLVMCore.a(Constants.cpp.o);lib/libLLVMSupport.a(APInt.cpp.o);llvm::DenseMapInfo<llvm::APInt>::getHashValue(llvm::APInt const&);Defined DefinedKind
lib/libLLVMCore.a(Constants.cpp.o);lib/libLLVMSupport.a(APInt.cpp.o);llvm::APInt::countTrailingOnesSlowCase() const;Defined DefinedKind
lib/libLLVMCore.a(Constants.cpp.o);lib/libLLVMSupport.a(APInt.cpp.o);llvm::APInt::AssignSlowCase(llvm::APInt const&);Defined DefinedKind
lib/libLLVMCore.a(Constants.cpp.o);lib/libLLVMSupport.a(APInt.cpp.o);llvm::APInt::initSlowCase(unsigned long, bool);Defined DefinedKind
lib/libLLVMCore.a(Constants.cpp.o);lib/libLLVMSupport.a(APInt.cpp.o);llvm::APInt::countTrailingZerosSlowCase() const;Defined DefinedKind
lib/libLLVMCore.a(Constants.cpp.o);lib/libLLVMSupport.a(APInt.cpp.o);llvm::APInt::EqualSlowCase(llvm::APInt const&) const;Defined DefinedKind
lib/libLLVMCore.a(Constants.cpp.o);lib/libLLVMSupport.a(APInt.cpp.o);llvm::APInt::initSlowCase(llvm::APInt const&);Defined DefinedKind
lib/libLLVMCore.a(Constants.cpp.o);lib/libLLVMSupport.a(Hashing.cpp.o);llvm::hashing::detail::fixed_seed_override;Defined DefinedKind
lib/libLLVMCore.a(Constants.cpp.o);lib/libLLVMSupport.a(TypeSize.cpp.o);llvm::TypeSize::operator unsigned long() const;Defined DefinedKind
lib/libLLVMCore.a(Constants.cpp.o);lib/libLLVMCore.a(ConstantFold.cpp.o);llvm::ConstantFoldUnaryInstruction(unsigned int, llvm::Constant*);Defined DefinedKind
lib/libLLVMCore.a(Constants.cpp.o);lib/libLLVMCore.a(ConstantFold.cpp.o);llvm::ConstantFoldCastInstruction(unsigned int, llvm::Constant*, llvm::Type*);Defined DefinedKind
lib/libLLVMCore.a(Constants.cpp.o);lib/libLLVMCore.a(ConstantFold.cpp.o);llvm::ConstantFoldBinaryInstruction(unsigned int, llvm::Constant*, llvm::Constant*);Defined DefinedKind
lib/libLLVMCore.a(Constants.cpp.o);lib/libLLVMCore.a(ConstantFold.cpp.o);llvm::ConstantFoldSelectInstruction(llvm::Constant*, llvm::Constant*, llvm::Constant*);Defined DefinedKind
lib/libLLVMCore.a(Constants.cpp.o);lib/libLLVMCore.a(ConstantFold.cpp.o);llvm::ConstantFoldCompareInstruction(unsigned short, llvm::Constant*, llvm::Constant*);Defined DefinedKind
lib/libLLVMCore.a(Constants.cpp.o);lib/libLLVMCore.a(ConstantFold.cpp.o);llvm::ConstantFoldExtractElementInstruction(llvm::Constant*, llvm::Constant*);Defined DefinedKind
lib/libLLVMCore.a(Constants.cpp.o);lib/libLLVMCore.a(ConstantFold.cpp.o);llvm::ConstantFoldInsertElementInstruction(llvm::Constant*, llvm::Constant*, llvm::Constant*);Defined DefinedKind
lib/libLLVMCore.a(Constants.cpp.o);lib/libLLVMCore.a(ConstantFold.cpp.o);llvm::ConstantFoldShuffleVectorInstruction(llvm::Constant*, llvm::Constant*, llvm::ArrayRef<int>);Defined DefinedKind
lib/libLLVMCore.a(Constants.cpp.o);lib/libLLVMCore.a(ConstantFold.cpp.o);llvm::ConstantFoldGetElementPtr(llvm::Type*, llvm::Constant*, bool, llvm::Optional<unsigned int>, llvm::ArrayRef<llvm::Value*>);Defined DefinedKind
lib/libLLVMCore.a(Constants.cpp.o);lib/libLLVMCore.a(ConstantFold.cpp.o);llvm::ConstantFoldInsertValueInstruction(llvm::Constant*, llvm::Constant*, llvm::ArrayRef<unsigned int>);Defined DefinedKind
lib/libLLVMCore.a(Constants.cpp.o);lib/libLLVMCore.a(ConstantFold.cpp.o);llvm::ConstantFoldExtractValueInstruction(llvm::Constant*, llvm::ArrayRef<unsigned int>);Defined DefinedKind
lib/libLLVMCore.a(Constants.cpp.o);lib/libLLVMCore.a(Function.cpp.o);llvm::Function::getContext() const;Defined DefinedKind
lib/libLLVMCore.a(Constants.cpp.o);lib/libLLVMCore.a(Globals.cpp.o);llvm::GlobalValue::destroyConstantImpl();Defined DefinedKind
lib/libLLVMCore.a(Constants.cpp.o);lib/libLLVMCore.a(Globals.cpp.o);llvm::GlobalValue::handleOperandChangeImpl(llvm::Value*, llvm::Value*);Defined DefinedKind
lib/libLLVMCore.a(Constants.cpp.o);lib/libLLVMCore.a(Instruction.cpp.o);llvm::Instruction::setHasNoUnsignedWrap(bool);Defined DefinedKind
lib/libLLVMCore.a(Constants.cpp.o);lib/libLLVMCore.a(Instruction.cpp.o);llvm::Instruction::setHasNoSignedWrap(bool);Defined DefinedKind
lib/libLLVMCore.a(Constants.cpp.o);lib/libLLVMCore.a(Instruction.cpp.o);llvm::Instruction::setIsExact(bool);Defined DefinedKind
lib/libLLVMCore.a(Constants.cpp.o);lib/libLLVMCore.a(Instruction.cpp.o);llvm::Instruction::Instruction(llvm::Type*, unsigned int, llvm::Use*, unsigned int, llvm::Instruction*);Defined DefinedKind
lib/libLLVMCore.a(Constants.cpp.o);lib/libLLVMCore.a(Instruction.cpp.o);llvm::Instruction::getOpcodeName(unsigned int);Defined DefinedKind
lib/libLLVMCore.a(Constants.cpp.o);lib/libLLVMCore.a(Instructions.cpp.o);llvm::GetElementPtrInst::getIndexedType(llvm::Type*, llvm::ArrayRef<llvm::Value*>);Defined DefinedKind
lib/libLLVMCore.a(Constants.cpp.o);lib/libLLVMCore.a(Instructions.cpp.o);llvm::GetElementPtrInst::getIndexedType(llvm::Type*, llvm::ArrayRef<llvm::Constant*>);Defined DefinedKind
lib/libLLVMCore.a(Constants.cpp.o);lib/libLLVMCore.a(Instructions.cpp.o);llvm::UnaryOperator::Create(llvm::Instruction::UnaryOps, llvm::Value*, llvm::Twine const&, llvm::Instruction*);Defined DefinedKind
lib/libLLVMCore.a(Constants.cpp.o);lib/libLLVMCore.a(Instructions.cpp.o);llvm::BinaryOperator::Create(llvm::Instruction::BinaryOps, llvm::Value*, llvm::Value*, llvm::Twine const&, llvm::Instruction*);Defined DefinedKind
lib/libLLVMCore.a(Constants.cpp.o);lib/libLLVMCore.a(Instructions.cpp.o);llvm::CastInst::Create(llvm::Instruction::CastOps, llvm::Value*, llvm::Type*, llvm::Twine const&, llvm::Instruction*);Defined DefinedKind
lib/libLLVMCore.a(Constants.cpp.o);lib/libLLVMCore.a(Instructions.cpp.o);llvm::ExtractElementInst::ExtractElementInst(llvm::Value*, llvm::Value*, llvm::Twine const&, llvm::Instruction*);Defined DefinedKind
lib/libLLVMCore.a(Constants.cpp.o);lib/libLLVMCore.a(Instructions.cpp.o);llvm::ExtractValueInst::getIndexedType(llvm::Type*, llvm::ArrayRef<unsigned int>);Defined DefinedKind
lib/libLLVMCore.a(Constants.cpp.o);lib/libLLVMCore.a(Instructions.cpp.o);llvm::ExtractValueInst::init(llvm::ArrayRef<unsigned int>, llvm::Twine const&);Defined DefinedKind
lib/libLLVMCore.a(Constants.cpp.o);lib/libLLVMCore.a(Instructions.cpp.o);llvm::InsertValueInst::init(llvm::Value*, llvm::Value*, llvm::ArrayRef<unsigned int>, llvm::Twine const&);Defined DefinedKind
lib/libLLVMCore.a(Constants.cpp.o);lib/libLLVMCore.a(Instructions.cpp.o);llvm::InsertElementInst::InsertElementInst(llvm::Value*, llvm::Value*, llvm::Value*, llvm::Twine const&, llvm::Instruction*);Defined DefinedKind
lib/libLLVMCore.a(Constants.cpp.o);lib/libLLVMCore.a(Instructions.cpp.o);llvm::ShuffleVectorInst::ShuffleVectorInst(llvm::Value*, llvm::Value*, llvm::ArrayRef<int>, llvm::Twine const&, llvm::Instruction*);Defined DefinedKind
lib/libLLVMCore.a(Constants.cpp.o);lib/libLLVMCore.a(Instructions.cpp.o);llvm::GetElementPtrInst::setIsInBounds(bool);Defined DefinedKind
lib/libLLVMCore.a(Constants.cpp.o);lib/libLLVMCore.a(Instructions.cpp.o);llvm::ShuffleVectorInst::convertShuffleMaskForBitcode(llvm::ArrayRef<int>, llvm::Type*);Defined DefinedKind
lib/libLLVMCore.a(Constants.cpp.o);lib/libLLVMCore.a(Instructions.cpp.o);llvm::GetElementPtrInst::init(llvm::Value*, llvm::ArrayRef<llvm::Value*>, llvm::Twine const&);Defined DefinedKind
lib/libLLVMCore.a(Constants.cpp.o);lib/libLLVMCore.a(Operator.cpp.o);llvm::GEPOperator::getSourceElementType() const;Defined DefinedKind
lib/libLLVMCore.a(Constants.cpp.o);lib/libLLVMCore.a(Type.cpp.o);llvm::StructType::get(llvm::LLVMContext&, llvm::ArrayRef<llvm::Type*>, bool);Defined DefinedKind
lib/libLLVMCore.a(Constants.cpp.o);lib/libLLVMCore.a(Type.cpp.o);llvm::Type::getTokenTy(llvm::LLVMContext&);Defined DefinedKind
lib/libLLVMCore.a(Constants.cpp.o);lib/libLLVMCore.a(Type.cpp.o);llvm::StructType::getTypeAtIndex(llvm::Value const*) const;Defined DefinedKind
lib/libLLVMCore.a(Constants.cpp.o);lib/libLLVMCore.a(Type.cpp.o);llvm::Type::isIntegerTy(unsigned int) const;Defined DefinedKind
lib/libLLVMCore.a(Constants.cpp.o);lib/libLLVMCore.a(Type.cpp.o);llvm::PointerType::get(llvm::LLVMContext&, unsigned int);Defined DefinedKind
lib/libLLVMCore.a(Constants.cpp.o);lib/libLLVMCore.a(Type.cpp.o);llvm::Type::getPointerTo(unsigned int) const;Defined DefinedKind
lib/libLLVMCore.a(Constants.cpp.o);lib/libLLVMCore.a(Type.cpp.o);llvm::PointerType::get(llvm::Type*, unsigned int);Defined DefinedKind
lib/libLLVMCore.a(Constants.cpp.o);lib/libLLVMCore.a(Type.cpp.o);llvm::VectorType::get(llvm::Type*, llvm::ElementCount);Defined DefinedKind
lib/libLLVMCore.a(Constants.cpp.o);lib/libLLVMCore.a(Type.cpp.o);llvm::IntegerType::get(llvm::LLVMContext&, unsigned int);Defined DefinedKind
lib/libLLVMCore.a(Constants.cpp.o);lib/libLLVMCore.a(Type.cpp.o);llvm::Type::getInt8PtrTy(llvm::LLVMContext&, unsigned int);Defined DefinedKind
lib/libLLVMCore.a(Constants.cpp.o);lib/libLLVMCore.a(Type.cpp.o);llvm::Type::getPPC_FP128Ty(llvm::LLVMContext&);Defined DefinedKind
lib/libLLVMCore.a(Constants.cpp.o);lib/libLLVMCore.a(Type.cpp.o);llvm::Type::getHalfTy(llvm::LLVMContext&);Defined DefinedKind
lib/libLLVMCore.a(Constants.cpp.o);lib/libLLVMCore.a(Type.cpp.o);llvm::Type::getFP128Ty(llvm::LLVMContext&);Defined DefinedKind
lib/libLLVMCore.a(Constants.cpp.o);lib/libLLVMCore.a(Type.cpp.o);llvm::Type::getBFloatTy(llvm::LLVMContext&);Defined DefinedKind
lib/libLLVMCore.a(Constants.cpp.o);lib/libLLVMCore.a(Type.cpp.o);llvm::Type::getFloatTy(llvm::LLVMContext&);Defined DefinedKind
lib/libLLVMCore.a(Constants.cpp.o);lib/libLLVMCore.a(Type.cpp.o);llvm::Type::getDoubleTy(llvm::LLVMContext&);Defined DefinedKind
lib/libLLVMCore.a(Constants.cpp.o);lib/libLLVMCore.a(Type.cpp.o);llvm::Type::getX86_FP80Ty(llvm::LLVMContext&);Defined DefinedKind
lib/libLLVMCore.a(Constants.cpp.o);lib/libLLVMCore.a(Type.cpp.o);llvm::Type::getPrimitiveSizeInBits() const;Defined DefinedKind
lib/libLLVMCore.a(Constants.cpp.o);lib/libLLVMCore.a(Type.cpp.o);llvm::Type::getScalarSizeInBits() const;Defined DefinedKind
lib/libLLVMCore.a(Constants.cpp.o);lib/libLLVMCore.a(Type.cpp.o);llvm::FixedVectorType::get(llvm::Type*, unsigned int);Defined DefinedKind
lib/libLLVMCore.a(Constants.cpp.o);lib/libLLVMCore.a(Type.cpp.o);llvm::Type::getInt64Ty(llvm::LLVMContext&);Defined DefinedKind
lib/libLLVMCore.a(Constants.cpp.o);lib/libLLVMCore.a(Type.cpp.o);llvm::Type::getInt32Ty(llvm::LLVMContext&);Defined DefinedKind
lib/libLLVMCore.a(Constants.cpp.o);lib/libLLVMCore.a(Type.cpp.o);llvm::Type::getInt16Ty(llvm::LLVMContext&);Defined DefinedKind
lib/libLLVMCore.a(Constants.cpp.o);lib/libLLVMCore.a(Type.cpp.o);llvm::Type::getInt8Ty(llvm::LLVMContext&);Defined DefinedKind
lib/libLLVMCore.a(Constants.cpp.o);lib/libLLVMCore.a(Type.cpp.o);llvm::ArrayType::get(llvm::Type*, unsigned long);Defined DefinedKind
lib/libLLVMCore.a(Constants.cpp.o);lib/libLLVMCore.a(Type.cpp.o);llvm::Type::getIntNTy(llvm::LLVMContext&, unsigned int);Defined DefinedKind
lib/libLLVMCore.a(Constants.cpp.o);lib/libLLVMCore.a(Type.cpp.o);llvm::Type::getInt1Ty(llvm::LLVMContext&);Defined DefinedKind
lib/libLLVMCore.a(Constants.cpp.o);lib/libLLVMCore.a(User.cpp.o);llvm::User::operator new(unsigned long, unsigned int);Defined DefinedKind
lib/libLLVMCore.a(Constants.cpp.o);lib/libLLVMCore.a(User.cpp.o);llvm::User::operator delete(void*);Defined DefinedKind
lib/libLLVMCore.a(Constants.cpp.o);lib/libLLVMCore.a(Value.cpp.o);llvm::Value::getContext() const;Defined DefinedKind
lib/libLLVMCore.a(Constants.cpp.o);lib/libLLVMCore.a(Value.cpp.o);llvm::Value::Value(llvm::Type*, unsigned int);Defined DefinedKind
lib/libLLVMCore.a(Constants.cpp.o);lib/libLLVMCore.a(Value.cpp.o);llvm::Value::~Value();Defined DefinedKind
lib/libLLVMCore.a(Constants.cpp.o);lib/libLLVMCore.a(Value.cpp.o);llvm::Value::stripPointerCasts() const;Defined DefinedKind
lib/libLLVMCore.a(Constants.cpp.o);lib/libLLVMCore.a(Value.cpp.o);llvm::Value::setName(llvm::Twine const&);Defined DefinedKind
lib/libLLVMCore.a(Constants.cpp.o);lib/libLLVMCore.a(Value.cpp.o);llvm::Value::replaceAllUsesWith(llvm::Value*);Defined DefinedKind
lib/libLLVMCore.a(Constants.cpp.o);lib/libLLVMCore.a(Value.cpp.o);llvm::Value::stripPointerCastsAndAliases() const;Defined DefinedKind
lib/libLLVMCore.a(ConstantFold.cpp.o);lib/libLLVMSupport.a(MemAlloc.cpp.o);llvm::allocate_buffer(unsigned long, unsigned long);Defined DefinedKind
lib/libLLVMCore.a(ConstantFold.cpp.o);lib/libLLVMSupport.a(MemAlloc.cpp.o);llvm::deallocate_buffer(void*, unsigned long, unsigned long);Defined DefinedKind
lib/libLLVMCore.a(ConstantFold.cpp.o);lib/libLLVMSupport.a(SmallPtrSet.cpp.o);llvm::SmallPtrSetImplBase::insert_imp_big(void const*);Defined DefinedKind
lib/libLLVMCore.a(ConstantFold.cpp.o);lib/libLLVMSupport.a(APFloat.cpp.o);llvm::detail::IEEEFloat::mod(llvm::detail::IEEEFloat const&);Defined DefinedKind
lib/libLLVMCore.a(ConstantFold.cpp.o);lib/libLLVMSupport.a(APFloat.cpp.o);llvm::detail::DoubleAPFloat::mod(llvm::detail::DoubleAPFloat const&);Defined DefinedKind
lib/libLLVMCore.a(ConstantFold.cpp.o);lib/libLLVMSupport.a(APFloat.cpp.o);llvm::detail::DoubleAPFloat::subtract(llvm::detail::DoubleAPFloat const&, llvm::RoundingMode);Defined DefinedKind
lib/libLLVMCore.a(ConstantFold.cpp.o);lib/libLLVMSupport.a(APFloat.cpp.o);llvm::detail::DoubleAPFloat::multiply(llvm::detail::DoubleAPFloat const&, llvm::RoundingMode);Defined DefinedKind
lib/libLLVMCore.a(ConstantFold.cpp.o);lib/libLLVMSupport.a(APFloat.cpp.o);llvm::detail::DoubleAPFloat::divide(llvm::detail::DoubleAPFloat const&, llvm::RoundingMode);Defined DefinedKind
lib/libLLVMCore.a(ConstantFold.cpp.o);lib/libLLVMSupport.a(APFloat.cpp.o);llvm::detail::IEEEFloat::divide(llvm::detail::IEEEFloat const&, llvm::RoundingMode);Defined DefinedKind
lib/libLLVMCore.a(ConstantFold.cpp.o);lib/libLLVMSupport.a(APFloat.cpp.o);llvm::APFloatBase::PPCDoubleDouble();Defined DefinedKind
lib/libLLVMCore.a(ConstantFold.cpp.o);lib/libLLVMSupport.a(APFloat.cpp.o);llvm::detail::IEEEFloat::~IEEEFloat();Defined DefinedKind
lib/libLLVMCore.a(ConstantFold.cpp.o);lib/libLLVMSupport.a(APFloat.cpp.o);llvm::detail::DoubleAPFloat::bitcastToAPInt() const;Defined DefinedKind
lib/libLLVMCore.a(ConstantFold.cpp.o);lib/libLLVMSupport.a(APFloat.cpp.o);llvm::detail::IEEEFloat::subtract(llvm::detail::IEEEFloat const&, llvm::RoundingMode);Defined DefinedKind
lib/libLLVMCore.a(ConstantFold.cpp.o);lib/libLLVMSupport.a(APFloat.cpp.o);llvm::detail::IEEEFloat::multiply(llvm::detail::IEEEFloat const&, llvm::RoundingMode);Defined DefinedKind
lib/libLLVMCore.a(ConstantFold.cpp.o);lib/libLLVMSupport.a(APFloat.cpp.o);llvm::detail::IEEEFloat::add(llvm::detail::IEEEFloat const&, llvm::RoundingMode);Defined DefinedKind
lib/libLLVMCore.a(ConstantFold.cpp.o);lib/libLLVMSupport.a(APFloat.cpp.o);llvm::detail::DoubleAPFloat::DoubleAPFloat(llvm::detail::DoubleAPFloat const&);Defined DefinedKind
lib/libLLVMCore.a(ConstantFold.cpp.o);lib/libLLVMSupport.a(APFloat.cpp.o);llvm::detail::DoubleAPFloat::changeSign();Defined DefinedKind
lib/libLLVMCore.a(ConstantFold.cpp.o);lib/libLLVMSupport.a(APFloat.cpp.o);llvm::detail::DoubleAPFloat::DoubleAPFloat(llvm::detail::DoubleAPFloat&&);Defined DefinedKind
lib/libLLVMCore.a(ConstantFold.cpp.o);lib/libLLVMSupport.a(APFloat.cpp.o);llvm::detail::IEEEFloat::IEEEFloat(llvm::detail::IEEEFloat&&);Defined DefinedKind
lib/libLLVMCore.a(ConstantFold.cpp.o);lib/libLLVMSupport.a(APFloat.cpp.o);llvm::detail::IEEEFloat::changeSign();Defined DefinedKind
lib/libLLVMCore.a(ConstantFold.cpp.o);lib/libLLVMSupport.a(APFloat.cpp.o);llvm::detail::IEEEFloat::IEEEFloat(llvm::detail::IEEEFloat const&);Defined DefinedKind
lib/libLLVMCore.a(ConstantFold.cpp.o);lib/libLLVMSupport.a(APFloat.cpp.o);llvm::detail::DoubleAPFloat::add(llvm::detail::DoubleAPFloat const&, llvm::RoundingMode);Defined DefinedKind
lib/libLLVMCore.a(ConstantFold.cpp.o);lib/libLLVMSupport.a(APFloat.cpp.o);llvm::APFloatBase::BFloat();Defined DefinedKind
lib/libLLVMCore.a(ConstantFold.cpp.o);lib/libLLVMSupport.a(APFloat.cpp.o);llvm::detail::DoubleAPFloat::DoubleAPFloat(llvm::fltSemantics const&, llvm::APInt const&);Defined DefinedKind
lib/libLLVMCore.a(ConstantFold.cpp.o);lib/libLLVMSupport.a(APFloat.cpp.o);llvm::APFloatBase::IEEEdouble();Defined DefinedKind
lib/libLLVMCore.a(ConstantFold.cpp.o);lib/libLLVMSupport.a(APFloat.cpp.o);llvm::APFloatBase::x87DoubleExtended();Defined DefinedKind
lib/libLLVMCore.a(ConstantFold.cpp.o);lib/libLLVMSupport.a(APFloat.cpp.o);llvm::detail::IEEEFloat::convertFromAPInt(llvm::APInt const&, bool, llvm::RoundingMode);Defined DefinedKind
lib/libLLVMCore.a(ConstantFold.cpp.o);lib/libLLVMSupport.a(APFloat.cpp.o);llvm::detail::IEEEFloat::IEEEFloat(llvm::fltSemantics const&, llvm::APInt const&);Defined DefinedKind
lib/libLLVMCore.a(ConstantFold.cpp.o);lib/libLLVMSupport.a(APFloat.cpp.o);llvm::APFloatBase::IEEEsingle();Defined DefinedKind
lib/libLLVMCore.a(ConstantFold.cpp.o);lib/libLLVMSupport.a(APFloat.cpp.o);llvm::APFloat::convertToInteger(llvm::APSInt&, llvm::RoundingMode, bool*) const;Defined DefinedKind
lib/libLLVMCore.a(ConstantFold.cpp.o);lib/libLLVMSupport.a(APFloat.cpp.o);llvm::APFloatBase::IEEEquad();Defined DefinedKind
lib/libLLVMCore.a(ConstantFold.cpp.o);lib/libLLVMSupport.a(APFloat.cpp.o);llvm::APFloat::convert(llvm::fltSemantics const&, llvm::RoundingMode, bool*);Defined DefinedKind
lib/libLLVMCore.a(ConstantFold.cpp.o);lib/libLLVMSupport.a(APFloat.cpp.o);llvm::APFloatBase::Bogus();Defined DefinedKind
lib/libLLVMCore.a(ConstantFold.cpp.o);lib/libLLVMSupport.a(APFloat.cpp.o);llvm::detail::DoubleAPFloat::convertFromAPInt(llvm::APInt const&, bool, llvm::RoundingMode);Defined DefinedKind
lib/libLLVMCore.a(ConstantFold.cpp.o);lib/libLLVMSupport.a(APFloat.cpp.o);llvm::detail::IEEEFloat::bitcastToAPInt() const;Defined DefinedKind
lib/libLLVMCore.a(ConstantFold.cpp.o);lib/libLLVMSupport.a(APFloat.cpp.o);llvm::APFloatBase::IEEEhalf();Defined DefinedKind
lib/libLLVMCore.a(ConstantFold.cpp.o);lib/libLLVMSupport.a(APFloat.cpp.o);llvm::detail::DoubleAPFloat::compare(llvm::detail::DoubleAPFloat const&) const;Defined DefinedKind
lib/libLLVMCore.a(ConstantFold.cpp.o);lib/libLLVMSupport.a(APFloat.cpp.o);llvm::detail::IEEEFloat::compare(llvm::detail::IEEEFloat const&) const;Defined DefinedKind
lib/libLLVMCore.a(ConstantFold.cpp.o);lib/libLLVMSupport.a(APInt.cpp.o);llvm::APInt::operator+=(llvm::APInt const&);Defined DefinedKind
lib/libLLVMCore.a(ConstantFold.cpp.o);lib/libLLVMSupport.a(APInt.cpp.o);llvm::APInt::lshrInPlace(llvm::APInt const&);Defined DefinedKind
lib/libLLVMCore.a(ConstantFold.cpp.o);lib/libLLVMSupport.a(APInt.cpp.o);llvm::APInt::countTrailingZerosSlowCase() const;Defined DefinedKind
lib/libLLVMCore.a(ConstantFold.cpp.o);lib/libLLVMSupport.a(APInt.cpp.o);llvm::APInt::sdiv(llvm::APInt const&) const;Defined DefinedKind
lib/libLLVMCore.a(ConstantFold.cpp.o);lib/libLLVMSupport.a(APInt.cpp.o);llvm::APInt::operator*(llvm::APInt const&) const;Defined DefinedKind
lib/libLLVMCore.a(ConstantFold.cpp.o);lib/libLLVMSupport.a(APInt.cpp.o);llvm::APInt::operator-=(llvm::APInt const&);Defined DefinedKind
lib/libLLVMCore.a(ConstantFold.cpp.o);lib/libLLVMSupport.a(APInt.cpp.o);llvm::APInt::srem(llvm::APInt const&) const;Defined DefinedKind
lib/libLLVMCore.a(ConstantFold.cpp.o);lib/libLLVMSupport.a(APInt.cpp.o);llvm::APInt::udiv(llvm::APInt const&) const;Defined DefinedKind
lib/libLLVMCore.a(ConstantFold.cpp.o);lib/libLLVMSupport.a(APInt.cpp.o);llvm::APInt::operator<<=(llvm::APInt const&);Defined DefinedKind
lib/libLLVMCore.a(ConstantFold.cpp.o);lib/libLLVMSupport.a(APInt.cpp.o);llvm::APInt::urem(llvm::APInt const&) const;Defined DefinedKind
lib/libLLVMCore.a(ConstantFold.cpp.o);lib/libLLVMSupport.a(APInt.cpp.o);llvm::APInt::ashrInPlace(llvm::APInt const&);Defined DefinedKind
lib/libLLVMCore.a(ConstantFold.cpp.o);lib/libLLVMSupport.a(APInt.cpp.o);llvm::APInt::OrAssignSlowCase(llvm::APInt const&);Defined DefinedKind
lib/libLLVMCore.a(ConstantFold.cpp.o);lib/libLLVMSupport.a(APInt.cpp.o);llvm::APInt::AndAssignSlowCase(llvm::APInt const&);Defined DefinedKind
lib/libLLVMCore.a(ConstantFold.cpp.o);lib/libLLVMSupport.a(APInt.cpp.o);llvm::APInt::XorAssignSlowCase(llvm::APInt const&);Defined DefinedKind
lib/libLLVMCore.a(ConstantFold.cpp.o);lib/libLLVMSupport.a(APInt.cpp.o);llvm::APInt::EqualSlowCase(llvm::APInt const&) const;Defined DefinedKind
lib/libLLVMCore.a(ConstantFold.cpp.o);lib/libLLVMSupport.a(APInt.cpp.o);llvm::APInt::setBitsSlowCase(unsigned int, unsigned int);Defined DefinedKind
lib/libLLVMCore.a(ConstantFold.cpp.o);lib/libLLVMSupport.a(APInt.cpp.o);llvm::APInt::countTrailingOnesSlowCase() const;Defined DefinedKind
lib/libLLVMCore.a(ConstantFold.cpp.o);lib/libLLVMSupport.a(APInt.cpp.o);llvm::APInt::lshrSlowCase(unsigned int);Defined DefinedKind
lib/libLLVMCore.a(ConstantFold.cpp.o);lib/libLLVMSupport.a(APInt.cpp.o);llvm::APInt::initSlowCase(llvm::APInt const&);Defined DefinedKind
lib/libLLVMCore.a(ConstantFold.cpp.o);lib/libLLVMSupport.a(APInt.cpp.o);llvm::APInt::initSlowCase(unsigned long, bool);Defined DefinedKind
lib/libLLVMCore.a(ConstantFold.cpp.o);lib/libLLVMSupport.a(APInt.cpp.o);llvm::APInt::compareSigned(llvm::APInt const&) const;Defined DefinedKind
lib/libLLVMCore.a(ConstantFold.cpp.o);lib/libLLVMSupport.a(APInt.cpp.o);llvm::APInt::trunc(unsigned int) const;Defined DefinedKind
lib/libLLVMCore.a(ConstantFold.cpp.o);lib/libLLVMSupport.a(APInt.cpp.o);llvm::APInt::countLeadingOnesSlowCase() const;Defined DefinedKind
lib/libLLVMCore.a(ConstantFold.cpp.o);lib/libLLVMSupport.a(APInt.cpp.o);llvm::APInt::countLeadingZerosSlowCase() const;Defined DefinedKind
lib/libLLVMCore.a(ConstantFold.cpp.o);lib/libLLVMSupport.a(APInt.cpp.o);llvm::APInt::zext(unsigned int) const;Defined DefinedKind
lib/libLLVMCore.a(ConstantFold.cpp.o);lib/libLLVMSupport.a(APInt.cpp.o);llvm::APInt::compare(llvm::APInt const&) const;Defined DefinedKind
lib/libLLVMCore.a(ConstantFold.cpp.o);lib/libLLVMSupport.a(APInt.cpp.o);llvm::APInt::sext(unsigned int) const;Defined DefinedKind
lib/libLLVMCore.a(ConstantFold.cpp.o);lib/libLLVMSupport.a(TypeSize.cpp.o);llvm::TypeSize::operator unsigned long() const;Defined DefinedKind
lib/libLLVMCore.a(ConstantFold.cpp.o);lib/libLLVMCore.a(Constants.cpp.o);llvm::ConstantDataVector::getSplat(unsigned int, llvm::Constant*);Defined DefinedKind
lib/libLLVMCore.a(ConstantFold.cpp.o);lib/libLLVMCore.a(Constants.cpp.o);llvm::ConstantInt::getTrue(llvm::LLVMContext&);Defined DefinedKind
lib/libLLVMCore.a(ConstantFold.cpp.o);lib/libLLVMCore.a(Constants.cpp.o);llvm::ConstantExpr::getNot(llvm::Constant*);Defined DefinedKind
lib/libLLVMCore.a(ConstantFold.cpp.o);lib/libLLVMCore.a(Constants.cpp.o);llvm::ConstantExpr::getBitCast(llvm::Constant*, llvm::Type*, bool);Defined DefinedKind
lib/libLLVMCore.a(ConstantFold.cpp.o);lib/libLLVMCore.a(Constants.cpp.o);llvm::ConstantExpr::getOr(llvm::Constant*, llvm::Constant*);Defined DefinedKind
lib/libLLVMCore.a(ConstantFold.cpp.o);lib/libLLVMCore.a(Constants.cpp.o);llvm::Constant::getNullValue(llvm::Type*);Defined DefinedKind
lib/libLLVMCore.a(ConstantFold.cpp.o);lib/libLLVMCore.a(Constants.cpp.o);llvm::Constant::isNullValue() const;Defined DefinedKind
lib/libLLVMCore.a(ConstantFold.cpp.o);lib/libLLVMCore.a(Constants.cpp.o);llvm::ConstantExpr::getAnd(llvm::Constant*, llvm::Constant*);Defined DefinedKind
lib/libLLVMCore.a(ConstantFold.cpp.o);lib/libLLVMCore.a(Constants.cpp.o);llvm::ConstantExpr::getTrunc(llvm::Constant*, llvm::Type*, bool);Defined DefinedKind
lib/libLLVMCore.a(ConstantFold.cpp.o);lib/libLLVMCore.a(Constants.cpp.o);llvm::ConstantExpr::getLShr(llvm::Constant*, llvm::Constant*, bool);Defined DefinedKind
lib/libLLVMCore.a(ConstantFold.cpp.o);lib/libLLVMCore.a(Constants.cpp.o);llvm::ConstantExpr::getSExt(llvm::Constant*, llvm::Type*, bool);Defined DefinedKind
lib/libLLVMCore.a(ConstantFold.cpp.o);lib/libLLVMCore.a(Constants.cpp.o);llvm::ConstantExpr::getCast(unsigned int, llvm::Constant*, llvm::Type*, bool);Defined DefinedKind
lib/libLLVMCore.a(ConstantFold.cpp.o);lib/libLLVMCore.a(Constants.cpp.o);llvm::ConstantExpr::getPointerCast(llvm::Constant*, llvm::Type*);Defined DefinedKind
lib/libLLVMCore.a(ConstantFold.cpp.o);lib/libLLVMCore.a(Constants.cpp.o);llvm::ConstantInt::get(llvm::Type*, unsigned long, bool);Defined DefinedKind
lib/libLLVMCore.a(ConstantFold.cpp.o);lib/libLLVMCore.a(Constants.cpp.o);llvm::ConstantExpr::getFCmp(unsigned short, llvm::Constant*, llvm::Constant*, bool);Defined DefinedKind
lib/libLLVMCore.a(ConstantFold.cpp.o);lib/libLLVMCore.a(Constants.cpp.o);llvm::ConstantPointerNull::get(llvm::PointerType*);Defined DefinedKind
lib/libLLVMCore.a(ConstantFold.cpp.o);lib/libLLVMCore.a(Constants.cpp.o);llvm::ConstantInt::get(llvm::LLVMContext&, llvm::APInt const&);Defined DefinedKind
lib/libLLVMCore.a(ConstantFold.cpp.o);lib/libLLVMCore.a(Constants.cpp.o);llvm::ConstantExpr::getSizeOf(llvm::Type*);Defined DefinedKind
lib/libLLVMCore.a(ConstantFold.cpp.o);lib/libLLVMCore.a(Constants.cpp.o);llvm::ConstantExpr::getMul(llvm::Constant*, llvm::Constant*, bool, bool);Defined DefinedKind
lib/libLLVMCore.a(ConstantFold.cpp.o);lib/libLLVMCore.a(Constants.cpp.o);llvm::ConstantDataVector::getSplatValue() const;Defined DefinedKind
lib/libLLVMCore.a(ConstantFold.cpp.o);lib/libLLVMCore.a(Constants.cpp.o);llvm::ConstantExpr::isCast() const;Defined DefinedKind
lib/libLLVMCore.a(ConstantFold.cpp.o);lib/libLLVMCore.a(Constants.cpp.o);llvm::ConstantExpr::getSExtOrBitCast(llvm::Constant*, llvm::Type*);Defined DefinedKind
lib/libLLVMCore.a(ConstantFold.cpp.o);lib/libLLVMCore.a(Constants.cpp.o);llvm::ConstantDataSequential::getElementAsConstant(unsigned int) const;Defined DefinedKind
lib/libLLVMCore.a(ConstantFold.cpp.o);lib/libLLVMCore.a(Constants.cpp.o);llvm::ConstantDataSequential::getNumElements() const;Defined DefinedKind
lib/libLLVMCore.a(ConstantFold.cpp.o);lib/libLLVMCore.a(Constants.cpp.o);llvm::ConstantExpr::getAdd(llvm::Constant*, llvm::Constant*, bool, bool);Defined DefinedKind
lib/libLLVMCore.a(ConstantFold.cpp.o);lib/libLLVMCore.a(Constants.cpp.o);llvm::ConstantExpr::getSDiv(llvm::Constant*, llvm::Constant*, bool);Defined DefinedKind
lib/libLLVMCore.a(ConstantFold.cpp.o);lib/libLLVMCore.a(Constants.cpp.o);llvm::ConstantExpr::getSRem(llvm::Constant*, llvm::Constant*);Defined DefinedKind
lib/libLLVMCore.a(ConstantFold.cpp.o);lib/libLLVMCore.a(Constants.cpp.o);llvm::Constant::getAggregateElement(unsigned int) const;Defined DefinedKind
lib/libLLVMCore.a(ConstantFold.cpp.o);lib/libLLVMCore.a(Constants.cpp.o);llvm::ConstantExpr::getGetElementPtr(llvm::Type*, llvm::Constant*, llvm::ArrayRef<llvm::Value*>, bool, llvm::Optional<unsigned int>, llvm::Type*);Defined DefinedKind
lib/libLLVMCore.a(ConstantFold.cpp.o);lib/libLLVMCore.a(Constants.cpp.o);llvm::Constant::containsConstantExpression() const;Defined DefinedKind
lib/libLLVMCore.a(ConstantFold.cpp.o);lib/libLLVMCore.a(Constants.cpp.o);llvm::ConstantExpr::get(unsigned int, llvm::Constant*, llvm::Constant*, unsigned int, llvm::Type*);Defined DefinedKind
lib/libLLVMCore.a(ConstantFold.cpp.o);lib/libLLVMCore.a(Constants.cpp.o);llvm::ConstantFP::getNaN(llvm::Type*, bool, unsigned long);Defined DefinedKind
lib/libLLVMCore.a(ConstantFold.cpp.o);lib/libLLVMCore.a(Constants.cpp.o);llvm::Constant::getAllOnesValue(llvm::Type*);Defined DefinedKind
lib/libLLVMCore.a(ConstantFold.cpp.o);lib/libLLVMCore.a(Constants.cpp.o);llvm::ConstantExpr::getBinOpIdentity(unsigned int, llvm::Type*, bool);Defined DefinedKind
lib/libLLVMCore.a(ConstantFold.cpp.o);lib/libLLVMCore.a(Constants.cpp.o);llvm::Constant::getSplatValue(bool) const;Defined DefinedKind
lib/libLLVMCore.a(ConstantFold.cpp.o);lib/libLLVMCore.a(Constants.cpp.o);llvm::ConstantExpr::getPredicate() const;Defined DefinedKind
lib/libLLVMCore.a(ConstantFold.cpp.o);lib/libLLVMCore.a(Constants.cpp.o);llvm::Constant::getAggregateElement(llvm::Constant*) const;Defined DefinedKind
lib/libLLVMCore.a(ConstantFold.cpp.o);lib/libLLVMCore.a(Constants.cpp.o);llvm::ConstantExpr::getWithOperands(llvm::ArrayRef<llvm::Constant*>, llvm::Type*, bool, llvm::Type*) const;Defined DefinedKind
lib/libLLVMCore.a(ConstantFold.cpp.o);lib/libLLVMCore.a(Constants.cpp.o);llvm::ConstantExpr::getCompare(unsigned short, llvm::Constant*, llvm::Constant*, bool);Defined DefinedKind
lib/libLLVMCore.a(ConstantFold.cpp.o);lib/libLLVMCore.a(Constants.cpp.o);llvm::ConstantInt::getFalse(llvm::LLVMContext&);Defined DefinedKind
lib/libLLVMCore.a(ConstantFold.cpp.o);lib/libLLVMCore.a(Constants.cpp.o);llvm::ConstantExpr::get(unsigned int, llvm::Constant*, unsigned int, llvm::Type*);Defined DefinedKind
lib/libLLVMCore.a(ConstantFold.cpp.o);lib/libLLVMCore.a(Constants.cpp.o);llvm::ConstantExpr::getXor(llvm::Constant*, llvm::Constant*);Defined DefinedKind
lib/libLLVMCore.a(ConstantFold.cpp.o);lib/libLLVMCore.a(Constants.cpp.o);llvm::ConstantExpr::getAlignOf(llvm::Type*);Defined DefinedKind
lib/libLLVMCore.a(ConstantFold.cpp.o);lib/libLLVMCore.a(Constants.cpp.o);llvm::ConstantFP::get(llvm::LLVMContext&, llvm::APFloat const&);Defined DefinedKind
lib/libLLVMCore.a(ConstantFold.cpp.o);lib/libLLVMCore.a(Constants.cpp.o);llvm::UndefValue::get(llvm::Type*);Defined DefinedKind
lib/libLLVMCore.a(ConstantFold.cpp.o);lib/libLLVMCore.a(Constants.cpp.o);llvm::ConstantExpr::getICmp(unsigned short, llvm::Constant*, llvm::Constant*, bool);Defined DefinedKind
lib/libLLVMCore.a(ConstantFold.cpp.o);lib/libLLVMCore.a(Constants.cpp.o);llvm::PoisonValue::get(llvm::Type*);Defined DefinedKind
lib/libLLVMCore.a(ConstantFold.cpp.o);lib/libLLVMCore.a(Constants.cpp.o);llvm::ConstantExpr::getSelect(llvm::Constant*, llvm::Constant*, llvm::Constant*, llvm::Type*);Defined DefinedKind
lib/libLLVMCore.a(ConstantFold.cpp.o);lib/libLLVMCore.a(Constants.cpp.o);llvm::ConstantExpr::isGEPWithNoNotionalOverIndexing() const;Defined DefinedKind
lib/libLLVMCore.a(ConstantFold.cpp.o);lib/libLLVMCore.a(Constants.cpp.o);llvm::ConstantInt::get(llvm::IntegerType*, unsigned long, bool);Defined DefinedKind
lib/libLLVMCore.a(ConstantFold.cpp.o);lib/libLLVMCore.a(Constants.cpp.o);llvm::ConstantVector::getSplat(llvm::ElementCount, llvm::Constant*);Defined DefinedKind
lib/libLLVMCore.a(ConstantFold.cpp.o);lib/libLLVMCore.a(Constants.cpp.o);llvm::ConstantArray::get(llvm::ArrayType*, llvm::ArrayRef<llvm::Constant*>);Defined DefinedKind
lib/libLLVMCore.a(ConstantFold.cpp.o);lib/libLLVMCore.a(Constants.cpp.o);llvm::ConstantVector::get(llvm::ArrayRef<llvm::Constant*>);Defined DefinedKind
lib/libLLVMCore.a(ConstantFold.cpp.o);lib/libLLVMCore.a(Constants.cpp.o);llvm::Constant::containsPoisonElement() const;Defined DefinedKind
lib/libLLVMCore.a(ConstantFold.cpp.o);lib/libLLVMCore.a(Constants.cpp.o);llvm::ConstantExpr::getExtractElement(llvm::Constant*, llvm::Constant*, llvm::Type*);Defined DefinedKind
lib/libLLVMCore.a(ConstantFold.cpp.o);lib/libLLVMCore.a(Constants.cpp.o);llvm::ConstantStruct::get(llvm::StructType*, llvm::ArrayRef<llvm::Constant*>);Defined DefinedKind
lib/libLLVMCore.a(ConstantFold.cpp.o);lib/libLLVMCore.a(Constants.cpp.o);llvm::Constant::isAllOnesValue() const;Defined DefinedKind
lib/libLLVMCore.a(ConstantFold.cpp.o);lib/libLLVMCore.a(Function.cpp.o);llvm::NullPointerIsDefined(llvm::Function const*, unsigned int);Defined DefinedKind
lib/libLLVMCore.a(ConstantFold.cpp.o);lib/libLLVMCore.a(Globals.cpp.o);llvm::GlobalValue::isInterposable() const;Defined DefinedKind
lib/libLLVMCore.a(ConstantFold.cpp.o);lib/libLLVMCore.a(Instructions.cpp.o);llvm::CastInst::isEliminableCastPair(llvm::Instruction::CastOps, llvm::Instruction::CastOps, llvm::Type*, llvm::Type*, llvm::Type*, llvm::Type*, llvm::Type*, llvm::Type*);Defined DefinedKind
lib/libLLVMCore.a(ConstantFold.cpp.o);lib/libLLVMCore.a(Instructions.cpp.o);llvm::GetElementPtrInst::getTypeAtIndex(llvm::Type*, unsigned long);Defined DefinedKind
lib/libLLVMCore.a(ConstantFold.cpp.o);lib/libLLVMCore.a(Instructions.cpp.o);llvm::CmpInst::getSwappedPredicate(llvm::CmpInst::Predicate);Defined DefinedKind
lib/libLLVMCore.a(ConstantFold.cpp.o);lib/libLLVMCore.a(Instructions.cpp.o);llvm::CastInst::getCastOpcode(llvm::Value const*, bool, llvm::Type*, bool);Defined DefinedKind
lib/libLLVMCore.a(ConstantFold.cpp.o);lib/libLLVMCore.a(Instructions.cpp.o);llvm::CmpInst::getInversePredicate(llvm::CmpInst::Predicate);Defined DefinedKind
lib/libLLVMCore.a(ConstantFold.cpp.o);lib/libLLVMCore.a(Instructions.cpp.o);llvm::GetElementPtrInst::getIndexedType(llvm::Type*, llvm::ArrayRef<llvm::Value*>);Defined DefinedKind
lib/libLLVMCore.a(ConstantFold.cpp.o);lib/libLLVMCore.a(Instructions.cpp.o);llvm::CmpInst::isSigned(llvm::CmpInst::Predicate);Defined DefinedKind
lib/libLLVMCore.a(ConstantFold.cpp.o);lib/libLLVMCore.a(Instructions.cpp.o);llvm::CmpInst::isTrueWhenEqual(llvm::CmpInst::Predicate);Defined DefinedKind
lib/libLLVMCore.a(ConstantFold.cpp.o);lib/libLLVMCore.a(Instructions.cpp.o);llvm::CmpInst::isUnordered(llvm::CmpInst::Predicate);Defined DefinedKind
lib/libLLVMCore.a(ConstantFold.cpp.o);lib/libLLVMCore.a(Module.cpp.o);llvm::Module::getDataLayout() const;Defined DefinedKind
lib/libLLVMCore.a(ConstantFold.cpp.o);lib/libLLVMCore.a(Operator.cpp.o);llvm::GEPOperator::getSourceElementType() const;Defined DefinedKind
lib/libLLVMCore.a(ConstantFold.cpp.o);lib/libLLVMCore.a(Type.cpp.o);llvm::Type::getInt32Ty(llvm::LLVMContext&);Defined DefinedKind
lib/libLLVMCore.a(ConstantFold.cpp.o);lib/libLLVMCore.a(Type.cpp.o);llvm::StructType::getTypeAtIndex(llvm::Value const*) const;Defined DefinedKind
lib/libLLVMCore.a(ConstantFold.cpp.o);lib/libLLVMCore.a(Type.cpp.o);llvm::FixedVectorType::get(llvm::Type*, unsigned int);Defined DefinedKind
lib/libLLVMCore.a(ConstantFold.cpp.o);lib/libLLVMCore.a(Type.cpp.o);llvm::Type::getPrimitiveSizeInBits() const;Defined DefinedKind
lib/libLLVMCore.a(ConstantFold.cpp.o);lib/libLLVMCore.a(Type.cpp.o);llvm::Type::isIntegerTy(unsigned int) const;Defined DefinedKind
lib/libLLVMCore.a(ConstantFold.cpp.o);lib/libLLVMCore.a(Type.cpp.o);llvm::Type::getInt1Ty(llvm::LLVMContext&);Defined DefinedKind
lib/libLLVMCore.a(ConstantFold.cpp.o);lib/libLLVMCore.a(Type.cpp.o);llvm::IntegerType::get(llvm::LLVMContext&, unsigned int);Defined DefinedKind
lib/libLLVMCore.a(ConstantFold.cpp.o);lib/libLLVMCore.a(Type.cpp.o);llvm::PointerType::get(llvm::Type*, unsigned int);Defined DefinedKind
lib/libLLVMCore.a(ConstantFold.cpp.o);lib/libLLVMCore.a(Type.cpp.o);llvm::VectorType::get(llvm::Type*, llvm::ElementCount);Defined DefinedKind
lib/libLLVMCore.a(ConstantFold.cpp.o);lib/libLLVMCore.a(Type.cpp.o);llvm::Type::isSizedDerivedType(llvm::SmallPtrSetImpl<llvm::Type*>*) const;Defined DefinedKind
lib/libLLVMCore.a(ConstantFold.cpp.o);lib/libLLVMCore.a(Type.cpp.o);llvm::Type::isEmptyTy() const;Defined DefinedKind
lib/libLLVMCore.a(ConstantFold.cpp.o);lib/libLLVMCore.a(Type.cpp.o);llvm::PointerType::get(llvm::LLVMContext&, unsigned int);Defined DefinedKind
lib/libLLVMCore.a(ConstantFold.cpp.o);lib/libLLVMCore.a(Type.cpp.o);llvm::Type::getInt64Ty(llvm::LLVMContext&);Defined DefinedKind
lib/libLLVMCore.a(ConstantFold.cpp.o);lib/libLLVMCore.a(Type.cpp.o);llvm::Type::getScalarSizeInBits() const;Defined DefinedKind
lib/libLLVMCore.a(ConstantFold.cpp.o);lib/libLLVMCore.a(Type.cpp.o);llvm::Type::getIntNTy(llvm::LLVMContext&, unsigned int);Defined DefinedKind
lib/libLLVMCore.a(ConstantFold.cpp.o);lib/libLLVMCore.a(Value.cpp.o);llvm::Value::getContext() const;Defined DefinedKind
lib/libLLVMCore.a(ConstantFold.cpp.o);lib/libLLVMCore.a(Value.cpp.o);llvm::Value::getPointerAlignment(llvm::DataLayout const&) const;Defined DefinedKind
lib/libLLVMCore.a(DataLayout.cpp.o);lib/libLLVMSupport.a(Error.cpp.o);llvm::inconvertibleErrorCode();Defined DefinedKind
lib/libLLVMCore.a(DataLayout.cpp.o);lib/libLLVMSupport.a(Error.cpp.o);llvm::createStringError(std::error_code, char const*);Defined DefinedKind
lib/libLLVMCore.a(DataLayout.cpp.o);lib/libLLVMSupport.a(Error.cpp.o);llvm::report_fatal_error(llvm::Error, bool);Defined DefinedKind
lib/libLLVMCore.a(DataLayout.cpp.o);lib/libLLVMSupport.a(ErrorHandling.cpp.o);llvm::report_bad_alloc_error(char const*, bool);Defined DefinedKind
lib/libLLVMCore.a(DataLayout.cpp.o);lib/libLLVMSupport.a(MemAlloc.cpp.o);llvm::allocate_buffer(unsigned long, unsigned long);Defined DefinedKind
lib/libLLVMCore.a(DataLayout.cpp.o);lib/libLLVMSupport.a(MemAlloc.cpp.o);llvm::deallocate_buffer(void*, unsigned long, unsigned long);Defined DefinedKind
lib/libLLVMCore.a(DataLayout.cpp.o);lib/libLLVMSupport.a(StringRef.cpp.o);llvm::getAsUnsignedInteger(llvm::StringRef, unsigned int, unsigned long long&);Defined DefinedKind
lib/libLLVMCore.a(DataLayout.cpp.o);lib/libLLVMSupport.a(StringRef.cpp.o);llvm::StringRef::find(llvm::StringRef, unsigned long) const;Defined DefinedKind
lib/libLLVMCore.a(DataLayout.cpp.o);lib/libLLVMSupport.a(Twine.cpp.o);llvm::Twine::str[abi:cxx11]() const;Defined DefinedKind
lib/libLLVMCore.a(DataLayout.cpp.o);lib/libLLVMSupport.a(TypeSize.cpp.o);llvm::TypeSize::operator unsigned long() const;Defined DefinedKind
lib/libLLVMCore.a(DataLayout.cpp.o);lib/libLLVMCore.a(Globals.cpp.o);llvm::GlobalValue::isDeclaration() const;Defined DefinedKind
lib/libLLVMCore.a(DataLayout.cpp.o);lib/libLLVMCore.a(Module.cpp.o);llvm::Module::getDataLayout() const;Defined DefinedKind
lib/libLLVMCore.a(DataLayout.cpp.o);lib/libLLVMCore.a(Type.cpp.o);llvm::IntegerType::get(llvm::LLVMContext&, unsigned int);Defined DefinedKind
lib/libLLVMCore.a(DataLayout.cpp.o);lib/libLLVMCore.a(Type.cpp.o);llvm::VectorType::get(llvm::Type*, llvm::ElementCount);Defined DefinedKind
lib/libLLVMCore.a(DataLayout.cpp.o);lib/libLLVMCore.a(Type.cpp.o);llvm::Type::getIntNTy(llvm::LLVMContext&, unsigned int);Defined DefinedKind
lib/libLLVMCore.a(DataLayout.cpp.o);lib/libLLVMCore.a(Type.cpp.o);llvm::StructType::getTypeAtIndex(llvm::Value const*) const;Defined DefinedKind
lib/libLLVMCore.a(DebugInfo.cpp.o);lib/libLLVMSupport.a(MemAlloc.cpp.o);llvm::allocate_buffer(unsigned long, unsigned long);Defined DefinedKind
lib/libLLVMCore.a(DebugInfo.cpp.o);lib/libLLVMSupport.a(MemAlloc.cpp.o);llvm::deallocate_buffer(void*, unsigned long, unsigned long);Defined DefinedKind
lib/libLLVMCore.a(DebugInfo.cpp.o);lib/libLLVMSupport.a(SmallPtrSet.cpp.o);llvm::SmallPtrSetImplBase::insert_imp_big(void const*);Defined DefinedKind
lib/libLLVMCore.a(DebugInfo.cpp.o);lib/libLLVMSupport.a(SmallPtrSet.cpp.o);llvm::SmallPtrSetImplBase::shrink_and_clear();Defined DefinedKind
lib/libLLVMCore.a(DebugInfo.cpp.o);lib/libLLVMSupport.a(SmallPtrSet.cpp.o);llvm::SmallPtrSetImplBase::FindBucketFor(void const*) const;Defined DefinedKind
lib/libLLVMCore.a(DebugInfo.cpp.o);lib/libLLVMCore.a(DebugInfoMetadata.cpp.o);llvm::DILocalScope::getSubprogram() const;Defined DefinedKind
lib/libLLVMCore.a(DebugInfo.cpp.o);lib/libLLVMCore.a(DebugInfoMetadata.cpp.o);llvm::DISubroutineType::getImpl(llvm::LLVMContext&, llvm::DINode::DIFlags, unsigned char, llvm::Metadata*, llvm::Metadata::StorageType, bool);Defined DefinedKind
lib/libLLVMCore.a(DebugInfo.cpp.o);lib/libLLVMCore.a(DebugInfoMetadata.cpp.o);llvm::DICompileUnit::getImpl(llvm::LLVMContext&, unsigned int, llvm::Metadata*, llvm::MDString*, bool, llvm::MDString*, unsigned int, llvm::MDString*, unsigned int, llvm::Metadata*, llvm::Metadata*, llvm::Metadata*, llvm::Metadata*, llvm::Metadata*, unsigned long, bool, bool, unsigned int, bool, llvm::MDString*, llvm::MDString*, llvm::Metadata::StorageType, bool);Defined DefinedKind
lib/libLLVMCore.a(DebugInfo.cpp.o);lib/libLLVMCore.a(DebugInfoMetadata.cpp.o);llvm::DISubprogram::getImpl(llvm::LLVMContext&, llvm::Metadata*, llvm::MDString*, llvm::MDString*, llvm::Metadata*, unsigned int, llvm::Metadata*, unsigned int, llvm::Metadata*, unsigned int, int, llvm::DINode::DIFlags, llvm::DISubprogram::DISPFlags, llvm::Metadata*, llvm::Metadata*, llvm::Metadata*, llvm::Metadata*, llvm::Metadata*, llvm::Metadata::StorageType, bool);Defined DefinedKind
lib/libLLVMCore.a(DebugInfo.cpp.o);lib/libLLVMCore.a(DebugInfoMetadata.cpp.o);llvm::DIExpression::getImpl(llvm::LLVMContext&, llvm::ArrayRef<unsigned long>, llvm::Metadata::StorageType, bool);Defined DefinedKind
lib/libLLVMCore.a(DebugInfo.cpp.o);lib/libLLVMCore.a(DebugInfoMetadata.cpp.o);llvm::DILocation::getImpl(llvm::LLVMContext&, unsigned int, unsigned int, llvm::Metadata*, llvm::Metadata*, bool, llvm::Metadata::StorageType, bool);Defined DefinedKind
lib/libLLVMCore.a(DebugInfo.cpp.o);lib/libLLVMCore.a(DebugLoc.cpp.o);llvm::DebugLoc::get() const;Defined DefinedKind
lib/libLLVMCore.a(DebugInfo.cpp.o);lib/libLLVMCore.a(DebugLoc.cpp.o);llvm::DebugLoc::DebugLoc(llvm::DILocation const*);Defined DefinedKind
lib/libLLVMCore.a(DebugInfo.cpp.o);lib/libLLVMCore.a(DebugLoc.cpp.o);llvm::DebugLoc::DebugLoc(llvm::MDNode const*);Defined DefinedKind
lib/libLLVMCore.a(DebugInfo.cpp.o);lib/libLLVMCore.a(Function.cpp.o);llvm::Function::eraseFromParent();Defined DefinedKind
lib/libLLVMCore.a(DebugInfo.cpp.o);lib/libLLVMCore.a(Instruction.cpp.o);llvm::Instruction::eraseFromParent();Defined DefinedKind
lib/libLLVMCore.a(DebugInfo.cpp.o);lib/libLLVMCore.a(Instruction.cpp.o);llvm::Instruction::getFunction() const;Defined DefinedKind
lib/libLLVMCore.a(DebugInfo.cpp.o);lib/libLLVMCore.a(Metadata.cpp.o);llvm::ReplaceableMetadataImpl::replaceAllUsesWith(llvm::Metadata*);Defined DefinedKind
lib/libLLVMCore.a(DebugInfo.cpp.o);lib/libLLVMCore.a(Metadata.cpp.o);llvm::MDString::getString() const;Defined DefinedKind
lib/libLLVMCore.a(DebugInfo.cpp.o);lib/libLLVMCore.a(Metadata.cpp.o);llvm::MDNode::deleteTemporary(llvm::MDNode*);Defined DefinedKind
lib/libLLVMCore.a(DebugInfo.cpp.o);lib/libLLVMCore.a(Metadata.cpp.o);llvm::NamedMDNode::eraseFromParent();Defined DefinedKind
lib/libLLVMCore.a(DebugInfo.cpp.o);lib/libLLVMCore.a(Metadata.cpp.o);llvm::MDString::get(llvm::LLVMContext&, llvm::StringRef);Defined DefinedKind
lib/libLLVMCore.a(DebugInfo.cpp.o);lib/libLLVMCore.a(Metadata.cpp.o);llvm::NamedMDNode::getOperand(unsigned int) const;Defined DefinedKind
lib/libLLVMCore.a(DebugInfo.cpp.o);lib/libLLVMCore.a(Metadata.cpp.o);llvm::NamedMDNode::addOperand(llvm::MDNode*);Defined DefinedKind
lib/libLLVMCore.a(DebugInfo.cpp.o);lib/libLLVMCore.a(Metadata.cpp.o);llvm::MDNode::replaceOperandWith(unsigned int, llvm::Metadata*);Defined DefinedKind
lib/libLLVMCore.a(DebugInfo.cpp.o);lib/libLLVMCore.a(Metadata.cpp.o);llvm::MetadataTracking::track(void*, llvm::Metadata&, llvm::PointerUnion<llvm::MetadataAsValue*, llvm::Metadata*>);Defined DefinedKind
lib/libLLVMCore.a(DebugInfo.cpp.o);lib/libLLVMCore.a(Metadata.cpp.o);llvm::MetadataTracking::untrack(void*, llvm::Metadata&);Defined DefinedKind
lib/libLLVMCore.a(DebugInfo.cpp.o);lib/libLLVMCore.a(Metadata.cpp.o);llvm::NamedMDNode::getNumOperands() const;Defined DefinedKind
lib/libLLVMCore.a(DebugInfo.cpp.o);lib/libLLVMCore.a(Metadata.cpp.o);llvm::Function::getSubprogram() const;Defined DefinedKind
lib/libLLVMCore.a(DebugInfo.cpp.o);lib/libLLVMCore.a(Metadata.cpp.o);llvm::Instruction::getMetadataImpl(unsigned int) const;Defined DefinedKind
lib/libLLVMCore.a(DebugInfo.cpp.o);lib/libLLVMCore.a(Metadata.cpp.o);llvm::MDTuple::getImpl(llvm::LLVMContext&, llvm::ArrayRef<llvm::Metadata*>, llvm::Metadata::StorageType, bool);Defined DefinedKind
lib/libLLVMCore.a(DebugInfo.cpp.o);lib/libLLVMCore.a(Metadata.cpp.o);llvm::Value::eraseMetadata(unsigned int);Defined DefinedKind
lib/libLLVMCore.a(DebugInfo.cpp.o);lib/libLLVMCore.a(Metadata.cpp.o);llvm::Instruction::setMetadata(unsigned int, llvm::MDNode*);Defined DefinedKind
lib/libLLVMCore.a(DebugInfo.cpp.o);lib/libLLVMCore.a(Metadata.cpp.o);llvm::Value::getMetadata(unsigned int) const;Defined DefinedKind
lib/libLLVMCore.a(DebugInfo.cpp.o);lib/libLLVMCore.a(Metadata.cpp.o);llvm::Function::setSubprogram(llvm::DISubprogram*);Defined DefinedKind
lib/libLLVMCore.a(DebugInfo.cpp.o);lib/libLLVMCore.a(Metadata.cpp.o);llvm::MetadataTracking::retrack(void*, llvm::Metadata&, void*);Defined DefinedKind
lib/libLLVMCore.a(DebugInfo.cpp.o);lib/libLLVMCore.a(Metadata.cpp.o);llvm::Instruction::setMetadata(llvm::StringRef, llvm::MDNode*);Defined DefinedKind
lib/libLLVMCore.a(DebugInfo.cpp.o);lib/libLLVMCore.a(Metadata.cpp.o);llvm::NamedMDNode::getName() const;Defined DefinedKind
lib/libLLVMCore.a(DebugInfo.cpp.o);lib/libLLVMCore.a(Module.cpp.o);llvm::Module::getFunction(llvm::StringRef) const;Defined DefinedKind
lib/libLLVMCore.a(DebugInfo.cpp.o);lib/libLLVMCore.a(Module.cpp.o);llvm::Module::getNamedMetadata(llvm::Twine const&) const;Defined DefinedKind
lib/libLLVMCore.a(DebugInfo.cpp.o);lib/libLLVMCore.a(Module.cpp.o);llvm::Module::getModuleFlag(llvm::StringRef) const;Defined DefinedKind
lib/libLLVMCore.a(DebugInfo.cpp.o);lib/libLLVMCore.a(Value.cpp.o);llvm::Value::getContext() const;Defined DefinedKind
lib/libLLVMCore.a(DIBuilder.cpp.o);lib/libLLVMSupport.a(CommandLine.cpp.o);llvm::cl::GenericOptionValue::anchor();Defined DefinedKind
lib/libLLVMCore.a(DIBuilder.cpp.o);lib/libLLVMSupport.a(CommandLine.cpp.o);llvm::cl::Option::addArgument();Defined DefinedKind
lib/libLLVMCore.a(DIBuilder.cpp.o);lib/libLLVMSupport.a(CommandLine.cpp.o);llvm::cl::Option::setArgStr(llvm::StringRef);Defined DefinedKind
lib/libLLVMCore.a(DIBuilder.cpp.o);lib/libLLVMSupport.a(CommandLine.cpp.o);llvm::cl::GeneralCategory;Defined DefinedKind
lib/libLLVMCore.a(DIBuilder.cpp.o);lib/libLLVMSupport.a(MemAlloc.cpp.o);llvm::allocate_buffer(unsigned long, unsigned long);Defined DefinedKind
lib/libLLVMCore.a(DIBuilder.cpp.o);lib/libLLVMSupport.a(MemAlloc.cpp.o);llvm::deallocate_buffer(void*, unsigned long, unsigned long);Defined DefinedKind
lib/libLLVMCore.a(DIBuilder.cpp.o);lib/libLLVMSupport.a(SmallPtrSet.cpp.o);llvm::SmallPtrSetImplBase::insert_imp_big(void const*);Defined DefinedKind
lib/libLLVMCore.a(DIBuilder.cpp.o);lib/libLLVMCore.a(Attributes.cpp.o);llvm::AttributeList::addAttribute(llvm::LLVMContext&, unsigned int, llvm::Attribute::AttrKind) const;Defined DefinedKind
lib/libLLVMCore.a(DIBuilder.cpp.o);lib/libLLVMCore.a(BasicBlock.cpp.o);llvm::BasicBlock::getTerminator() const;Defined DefinedKind
lib/libLLVMCore.a(DIBuilder.cpp.o);lib/libLLVMCore.a(Constants.cpp.o);llvm::ConstantInt::get(llvm::IntegerType*, unsigned long, bool);Defined DefinedKind
lib/libLLVMCore.a(DIBuilder.cpp.o);lib/libLLVMCore.a(Constants.cpp.o);llvm::ConstantInt::getSigned(llvm::IntegerType*, long);Defined DefinedKind
lib/libLLVMCore.a(DIBuilder.cpp.o);lib/libLLVMCore.a(DebugInfoMetadata.cpp.o);llvm::DIMacro::getImpl(llvm::LLVMContext&, unsigned int, unsigned int, llvm::MDString*, llvm::MDString*, llvm::Metadata::StorageType, bool);Defined DefinedKind
lib/libLLVMCore.a(DIBuilder.cpp.o);lib/libLLVMCore.a(DebugInfoMetadata.cpp.o);llvm::DIMacroFile::getImpl(llvm::LLVMContext&, unsigned int, unsigned int, llvm::Metadata*, llvm::Metadata*, llvm::Metadata::StorageType, bool);Defined DefinedKind
lib/libLLVMCore.a(DIBuilder.cpp.o);lib/libLLVMCore.a(DebugInfoMetadata.cpp.o);llvm::DILocalVariable::getImpl(llvm::LLVMContext&, llvm::Metadata*, llvm::MDString*, llvm::Metadata*, unsigned int, llvm::Metadata*, unsigned int, llvm::DINode::DIFlags, unsigned int, llvm::Metadata::StorageType, bool);Defined DefinedKind
lib/libLLVMCore.a(DIBuilder.cpp.o);lib/libLLVMCore.a(DebugInfoMetadata.cpp.o);llvm::DINamespace::getImpl(llvm::LLVMContext&, llvm::Metadata*, llvm::MDString*, bool, llvm::Metadata::StorageType, bool);Defined DefinedKind
lib/libLLVMCore.a(DIBuilder.cpp.o);lib/libLLVMCore.a(DebugInfoMetadata.cpp.o);llvm::DILabel::getImpl(llvm::LLVMContext&, llvm::Metadata*, llvm::MDString*, llvm::Metadata*, unsigned int, llvm::Metadata::StorageType, bool);Defined DefinedKind
lib/libLLVMCore.a(DIBuilder.cpp.o);lib/libLLVMCore.a(DebugInfoMetadata.cpp.o);llvm::DILexicalBlock::getImpl(llvm::LLVMContext&, llvm::Metadata*, llvm::Metadata*, unsigned int, unsigned int, llvm::Metadata::StorageType, bool);Defined DefinedKind
lib/libLLVMCore.a(DIBuilder.cpp.o);lib/libLLVMCore.a(DebugInfoMetadata.cpp.o);llvm::DILexicalBlockFile::getImpl(llvm::LLVMContext&, llvm::Metadata*, llvm::Metadata*, unsigned int, llvm::Metadata::StorageType, bool);Defined DefinedKind
lib/libLLVMCore.a(DIBuilder.cpp.o);lib/libLLVMCore.a(DebugInfoMetadata.cpp.o);llvm::DIModule::getImpl(llvm::LLVMContext&, llvm::Metadata*, llvm::Metadata*, llvm::MDString*, llvm::MDString*, llvm::MDString*, llvm::MDString*, unsigned int, bool, llvm::Metadata::StorageType, bool);Defined DefinedKind
lib/libLLVMCore.a(DIBuilder.cpp.o);lib/libLLVMCore.a(DebugInfoMetadata.cpp.o);llvm::DICommonBlock::getImpl(llvm::LLVMContext&, llvm::Metadata*, llvm::Metadata*, llvm::MDString*, llvm::Metadata*, unsigned int, llvm::Metadata::StorageType, bool);Defined DefinedKind
lib/libLLVMCore.a(DIBuilder.cpp.o);lib/libLLVMCore.a(DebugInfoMetadata.cpp.o);llvm::DIExpression::getImpl(llvm::LLVMContext&, llvm::ArrayRef<unsigned long>, llvm::Metadata::StorageType, bool);Defined DefinedKind
lib/libLLVMCore.a(DIBuilder.cpp.o);lib/libLLVMCore.a(DebugInfoMetadata.cpp.o);llvm::DIGlobalVariableExpression::getImpl(llvm::LLVMContext&, llvm::Metadata*, llvm::Metadata*, llvm::Metadata::StorageType, bool);Defined DefinedKind
lib/libLLVMCore.a(DIBuilder.cpp.o);lib/libLLVMCore.a(DebugInfoMetadata.cpp.o);llvm::DIGlobalVariable::getImpl(llvm::LLVMContext&, llvm::Metadata*, llvm::MDString*, llvm::MDString*, llvm::Metadata*, unsigned int, llvm::Metadata*, bool, bool, llvm::Metadata*, llvm::Metadata*, unsigned int, llvm::Metadata::StorageType, bool);Defined DefinedKind
lib/libLLVMCore.a(DIBuilder.cpp.o);lib/libLLVMCore.a(DebugInfoMetadata.cpp.o);llvm::DIGenericSubrange::getImpl(llvm::LLVMContext&, llvm::Metadata*, llvm::Metadata*, llvm::Metadata*, llvm::Metadata*, llvm::Metadata::StorageType, bool);Defined DefinedKind
lib/libLLVMCore.a(DIBuilder.cpp.o);lib/libLLVMCore.a(DebugInfoMetadata.cpp.o);llvm::DISubrange::getImpl(llvm::LLVMContext&, llvm::Metadata*, llvm::Metadata*, llvm::Metadata*, llvm::Metadata*, llvm::Metadata::StorageType, bool);Defined DefinedKind
lib/libLLVMCore.a(DIBuilder.cpp.o);lib/libLLVMCore.a(DebugInfoMetadata.cpp.o);llvm::DIImportedEntity::getImpl(llvm::LLVMContext&, unsigned int, llvm::Metadata*, llvm::Metadata*, llvm::Metadata*, unsigned int, llvm::MDString*, llvm::Metadata::StorageType, bool);Defined DefinedKind
lib/libLLVMCore.a(DIBuilder.cpp.o);lib/libLLVMCore.a(DebugInfoMetadata.cpp.o);llvm::DIBasicType::getImpl(llvm::LLVMContext&, unsigned int, llvm::MDString*, unsigned long, unsigned int, unsigned int, llvm::DINode::DIFlags, llvm::Metadata::StorageType, bool);Defined DefinedKind
lib/libLLVMCore.a(DIBuilder.cpp.o);lib/libLLVMCore.a(DebugInfoMetadata.cpp.o);llvm::DIStringType::getImpl(llvm::LLVMContext&, unsigned int, llvm::MDString*, llvm::Metadata*, llvm::Metadata*, unsigned long, unsigned int, unsigned int, llvm::Metadata::StorageType, bool);Defined DefinedKind
lib/libLLVMCore.a(DIBuilder.cpp.o);lib/libLLVMCore.a(DebugInfoMetadata.cpp.o);llvm::DIEnumerator::getImpl(llvm::LLVMContext&, llvm::APInt const&, bool, llvm::MDString*, llvm::Metadata::StorageType, bool);Defined DefinedKind
lib/libLLVMCore.a(DIBuilder.cpp.o);lib/libLLVMCore.a(DebugInfoMetadata.cpp.o);llvm::DIFile::getImpl(llvm::LLVMContext&, llvm::MDString*, llvm::MDString*, llvm::Optional<llvm::DIFile::ChecksumInfo<llvm::MDString*> >, llvm::Optional<llvm::MDString*>, llvm::Metadata::StorageType, bool);Defined DefinedKind
lib/libLLVMCore.a(DIBuilder.cpp.o);lib/libLLVMCore.a(DebugInfoMetadata.cpp.o);llvm::DIObjCProperty::getImpl(llvm::LLVMContext&, llvm::MDString*, llvm::Metadata*, unsigned int, llvm::MDString*, llvm::MDString*, unsigned int, llvm::Metadata*, llvm::Metadata::StorageType, bool);Defined DefinedKind
lib/libLLVMCore.a(DIBuilder.cpp.o);lib/libLLVMCore.a(DebugInfoMetadata.cpp.o);llvm::DITemplateTypeParameter::getImpl(llvm::LLVMContext&, llvm::MDString*, llvm::Metadata*, bool, llvm::Metadata::StorageType, bool);Defined DefinedKind
lib/libLLVMCore.a(DIBuilder.cpp.o);lib/libLLVMCore.a(DebugInfoMetadata.cpp.o);llvm::DICompileUnit::getImpl(llvm::LLVMContext&, unsigned int, llvm::Metadata*, llvm::MDString*, bool, llvm::MDString*, unsigned int, llvm::MDString*, unsigned int, llvm::Metadata*, llvm::Metadata*, llvm::Metadata*, llvm::Metadata*, llvm::Metadata*, unsigned long, bool, bool, unsigned int, bool, llvm::MDString*, llvm::MDString*, llvm::Metadata::StorageType, bool);Defined DefinedKind
lib/libLLVMCore.a(DIBuilder.cpp.o);lib/libLLVMCore.a(DebugInfoMetadata.cpp.o);llvm::DITemplateValueParameter::getImpl(llvm::LLVMContext&, unsigned int, llvm::MDString*, llvm::Metadata*, bool, llvm::Metadata*, llvm::Metadata::StorageType, bool);Defined DefinedKind
lib/libLLVMCore.a(DIBuilder.cpp.o);lib/libLLVMCore.a(DebugInfoMetadata.cpp.o);llvm::DICompositeType::getImpl(llvm::LLVMContext&, unsigned int, llvm::MDString*, llvm::Metadata*, unsigned int, llvm::Metadata*, llvm::Metadata*, unsigned long, unsigned int, unsigned long, llvm::DINode::DIFlags, llvm::Metadata*, unsigned int, llvm::Metadata*, llvm::Metadata*, llvm::MDString*, llvm::Metadata*, llvm::Metadata*, llvm::Metadata*, llvm::Metadata*, llvm::Metadata*, llvm::Metadata::StorageType, bool);Defined DefinedKind
lib/libLLVMCore.a(DIBuilder.cpp.o);lib/libLLVMCore.a(DebugInfoMetadata.cpp.o);llvm::DISubroutineType::getImpl(llvm::LLVMContext&, llvm::DINode::DIFlags, unsigned char, llvm::Metadata*, llvm::Metadata::StorageType, bool);Defined DefinedKind
lib/libLLVMCore.a(DIBuilder.cpp.o);lib/libLLVMCore.a(DebugInfoMetadata.cpp.o);llvm::DIDerivedType::getImpl(llvm::LLVMContext&, unsigned int, llvm::MDString*, llvm::Metadata*, unsigned int, llvm::Metadata*, llvm::Metadata*, unsigned long, unsigned int, unsigned long, llvm::Optional<unsigned int>, llvm::DINode::DIFlags, llvm::Metadata*, llvm::Metadata::StorageType, bool);Defined DefinedKind
lib/libLLVMCore.a(DIBuilder.cpp.o);lib/libLLVMCore.a(DebugInfoMetadata.cpp.o);llvm::DISubprogram::getImpl(llvm::LLVMContext&, llvm::Metadata*, llvm::MDString*, llvm::MDString*, llvm::Metadata*, unsigned int, llvm::Metadata*, unsigned int, llvm::Metadata*, unsigned int, int, llvm::DINode::DIFlags, llvm::DISubprogram::DISPFlags, llvm::Metadata*, llvm::Metadata*, llvm::Metadata*, llvm::Metadata*, llvm::Metadata*, llvm::Metadata::StorageType, bool);Defined DefinedKind
lib/libLLVMCore.a(DIBuilder.cpp.o);lib/libLLVMCore.a(DebugLoc.cpp.o);llvm::DebugLoc::DebugLoc(llvm::DILocation const*);Defined DefinedKind
lib/libLLVMCore.a(DIBuilder.cpp.o);lib/libLLVMCore.a(Function.cpp.o);llvm::Intrinsic::getDeclaration(llvm::Module*, unsigned int, llvm::ArrayRef<llvm::Type*>);Defined DefinedKind
lib/libLLVMCore.a(DIBuilder.cpp.o);lib/libLLVMCore.a(IRBuilder.cpp.o);llvm::IRBuilderDefaultInserter::~IRBuilderDefaultInserter();Defined DefinedKind
lib/libLLVMCore.a(DIBuilder.cpp.o);lib/libLLVMCore.a(IRBuilder.cpp.o);llvm::IRBuilderFolder::~IRBuilderFolder();Defined DefinedKind
lib/libLLVMCore.a(DIBuilder.cpp.o);lib/libLLVMCore.a(Instruction.cpp.o);llvm::Instruction::Instruction(llvm::Type*, unsigned int, llvm::Use*, unsigned int, llvm::Instruction*);Defined DefinedKind
lib/libLLVMCore.a(DIBuilder.cpp.o);lib/libLLVMCore.a(Instruction.cpp.o);llvm::Instruction::setFastMathFlags(llvm::FastMathFlags);Defined DefinedKind
lib/libLLVMCore.a(DIBuilder.cpp.o);lib/libLLVMCore.a(Instructions.cpp.o);llvm::CallInst::init(llvm::FunctionType*, llvm::Value*, llvm::ArrayRef<llvm::Value*>, llvm::ArrayRef<llvm::OperandBundleDefT<llvm::Value*> >, llvm::Twine const&);Defined DefinedKind
lib/libLLVMCore.a(DIBuilder.cpp.o);lib/libLLVMCore.a(Metadata.cpp.o);llvm::ReplaceableMetadataImpl::replaceAllUsesWith(llvm::Metadata*);Defined DefinedKind
lib/libLLVMCore.a(DIBuilder.cpp.o);lib/libLLVMCore.a(Metadata.cpp.o);llvm::MetadataTracking::retrack(void*, llvm::Metadata&, void*);Defined DefinedKind
lib/libLLVMCore.a(DIBuilder.cpp.o);lib/libLLVMCore.a(Metadata.cpp.o);llvm::MDNode::resolveCycles();Defined DefinedKind
lib/libLLVMCore.a(DIBuilder.cpp.o);lib/libLLVMCore.a(Metadata.cpp.o);llvm::NamedMDNode::addOperand(llvm::MDNode*);Defined DefinedKind
lib/libLLVMCore.a(DIBuilder.cpp.o);lib/libLLVMCore.a(Metadata.cpp.o);llvm::MDString::get(llvm::LLVMContext&, llvm::StringRef);Defined DefinedKind
lib/libLLVMCore.a(DIBuilder.cpp.o);lib/libLLVMCore.a(Metadata.cpp.o);llvm::MetadataTracking::untrack(void*, llvm::Metadata&);Defined DefinedKind
lib/libLLVMCore.a(DIBuilder.cpp.o);lib/libLLVMCore.a(Metadata.cpp.o);llvm::MDNode::deleteTemporary(llvm::MDNode*);Defined DefinedKind
lib/libLLVMCore.a(DIBuilder.cpp.o);lib/libLLVMCore.a(Metadata.cpp.o);llvm::Instruction::setMetadata(unsigned int, llvm::MDNode*);Defined DefinedKind
lib/libLLVMCore.a(DIBuilder.cpp.o);lib/libLLVMCore.a(Metadata.cpp.o);llvm::MetadataAsValue::get(llvm::LLVMContext&, llvm::Metadata*);Defined DefinedKind
lib/libLLVMCore.a(DIBuilder.cpp.o);lib/libLLVMCore.a(Metadata.cpp.o);llvm::MDNode::replaceOperandWith(unsigned int, llvm::Metadata*);Defined DefinedKind
lib/libLLVMCore.a(DIBuilder.cpp.o);lib/libLLVMCore.a(Metadata.cpp.o);llvm::ValueAsMetadata::get(llvm::Value*);Defined DefinedKind
lib/libLLVMCore.a(DIBuilder.cpp.o);lib/libLLVMCore.a(Metadata.cpp.o);llvm::MetadataTracking::track(void*, llvm::Metadata&, llvm::PointerUnion<llvm::MetadataAsValue*, llvm::Metadata*>);Defined DefinedKind
lib/libLLVMCore.a(DIBuilder.cpp.o);lib/libLLVMCore.a(Metadata.cpp.o);llvm::MDString::getString() const;Defined DefinedKind
lib/libLLVMCore.a(DIBuilder.cpp.o);lib/libLLVMCore.a(Metadata.cpp.o);llvm::MDTuple::getImpl(llvm::LLVMContext&, llvm::ArrayRef<llvm::Metadata*>, llvm::Metadata::StorageType, bool);Defined DefinedKind
lib/libLLVMCore.a(DIBuilder.cpp.o);lib/libLLVMCore.a(Module.cpp.o);llvm::Module::getOrInsertNamedMetadata(llvm::StringRef);Defined DefinedKind
lib/libLLVMCore.a(DIBuilder.cpp.o);lib/libLLVMCore.a(Type.cpp.o);llvm::IntegerType::get(llvm::LLVMContext&, unsigned int);Defined DefinedKind
lib/libLLVMCore.a(DIBuilder.cpp.o);lib/libLLVMCore.a(Type.cpp.o);llvm::Type::getInt64Ty(llvm::LLVMContext&);Defined DefinedKind
lib/libLLVMCore.a(DIBuilder.cpp.o);lib/libLLVMCore.a(User.cpp.o);llvm::User::operator new(unsigned long, unsigned int, unsigned int);Defined DefinedKind
lib/libLLVMCore.a(DIBuilder.cpp.o);lib/libLLVMCore.a(Value.cpp.o);llvm::Value::getContext() const;Defined DefinedKind
lib/libLLVMCore.a(DebugInfoMetadata.cpp.o);lib/libLLVMSupport.a(CommandLine.cpp.o);llvm::cl::GenericOptionValue::anchor();Defined DefinedKind
lib/libLLVMCore.a(DebugInfoMetadata.cpp.o);lib/libLLVMSupport.a(CommandLine.cpp.o);llvm::cl::Option::addArgument();Defined DefinedKind
lib/libLLVMCore.a(DebugInfoMetadata.cpp.o);lib/libLLVMSupport.a(CommandLine.cpp.o);llvm::cl::Option::setArgStr(llvm::StringRef);Defined DefinedKind
lib/libLLVMCore.a(DebugInfoMetadata.cpp.o);lib/libLLVMSupport.a(CommandLine.cpp.o);llvm::cl::GeneralCategory;Defined DefinedKind
lib/libLLVMCore.a(DebugInfoMetadata.cpp.o);lib/libLLVMSupport.a(MemAlloc.cpp.o);llvm::deallocate_buffer(void*, unsigned long, unsigned long);Defined DefinedKind
lib/libLLVMCore.a(DebugInfoMetadata.cpp.o);lib/libLLVMSupport.a(MemAlloc.cpp.o);llvm::allocate_buffer(unsigned long, unsigned long);Defined DefinedKind
lib/libLLVMCore.a(DebugInfoMetadata.cpp.o);lib/libLLVMSupport.a(SmallPtrSet.cpp.o);llvm::SmallPtrSetImplBase::insert_imp_big(void const*);Defined DefinedKind
lib/libLLVMCore.a(DebugInfoMetadata.cpp.o);lib/libLLVMSupport.a(StringRef.cpp.o);llvm::hashing::detail::get_execution_seed()::seed;Defined DefinedKind
lib/libLLVMCore.a(DebugInfoMetadata.cpp.o);lib/libLLVMSupport.a(StringRef.cpp.o);guard variable for llvm::hashing::detail::get_execution_seed()::seed;Defined DefinedKind
lib/libLLVMCore.a(DebugInfoMetadata.cpp.o);lib/libLLVMSupport.a(APInt.cpp.o);llvm::APInt::EqualSlowCase(llvm::APInt const&) const;Defined DefinedKind
lib/libLLVMCore.a(DebugInfoMetadata.cpp.o);lib/libLLVMSupport.a(APInt.cpp.o);llvm::hash_value(llvm::APInt const&);Defined DefinedKind
lib/libLLVMCore.a(DebugInfoMetadata.cpp.o);lib/libLLVMSupport.a(APInt.cpp.o);llvm::APInt::initSlowCase(llvm::APInt const&);Defined DefinedKind
lib/libLLVMCore.a(DebugInfoMetadata.cpp.o);lib/libLLVMSupport.a(APInt.cpp.o);llvm::APInt::zext(unsigned int) const;Defined DefinedKind
lib/libLLVMCore.a(DebugInfoMetadata.cpp.o);lib/libLLVMSupport.a(Hashing.cpp.o);llvm::hashing::detail::fixed_seed_override;Defined DefinedKind
lib/libLLVMCore.a(DebugInfoMetadata.cpp.o);lib/libLLVMCore.a(Constants.cpp.o);llvm::UndefValue::get(llvm::Type*);Defined DefinedKind
lib/libLLVMCore.a(DebugInfoMetadata.cpp.o);lib/libLLVMCore.a(Constants.cpp.o);llvm::ConstantInt::getSigned(llvm::IntegerType*, long);Defined DefinedKind
lib/libLLVMCore.a(DebugInfoMetadata.cpp.o);lib/libLLVMCore.a(LLVMContext.cpp.o);llvm::LLVMContext::isODRUniquingDebugTypes() const;Defined DefinedKind
lib/libLLVMCore.a(DebugInfoMetadata.cpp.o);lib/libLLVMCore.a(LLVMContextImpl.cpp.o);llvm::MDNodeOpsKey::calculateHash(llvm::MDNode*, unsigned int);Defined DefinedKind
lib/libLLVMCore.a(DebugInfoMetadata.cpp.o);lib/libLLVMCore.a(LLVMContextImpl.cpp.o);llvm::MDNodeOpsKey::calculateHash(llvm::ArrayRef<llvm::Metadata*>);Defined DefinedKind
lib/libLLVMCore.a(DebugInfoMetadata.cpp.o);lib/libLLVMCore.a(Metadata.cpp.o);llvm::MDNode::setOperand(unsigned int, llvm::Metadata*);Defined DefinedKind
lib/libLLVMCore.a(DebugInfoMetadata.cpp.o);lib/libLLVMCore.a(Metadata.cpp.o);llvm::MDNode::MDNode(llvm::LLVMContext&, unsigned int, llvm::Metadata::StorageType, llvm::ArrayRef<llvm::Metadata*>, llvm::ArrayRef<llvm::Metadata*>);Defined DefinedKind
lib/libLLVMCore.a(DebugInfoMetadata.cpp.o);lib/libLLVMCore.a(Metadata.cpp.o);llvm::MDString::getString() const;Defined DefinedKind
lib/libLLVMCore.a(DebugInfoMetadata.cpp.o);lib/libLLVMCore.a(Metadata.cpp.o);llvm::MDNode::storeDistinctInContext();Defined DefinedKind
lib/libLLVMCore.a(DebugInfoMetadata.cpp.o);lib/libLLVMCore.a(Metadata.cpp.o);llvm::MDNode::operator new(unsigned long, unsigned int);Defined DefinedKind
lib/libLLVMCore.a(DebugInfoMetadata.cpp.o);lib/libLLVMCore.a(Metadata.cpp.o);llvm::MDNode::dropAllReferences();Defined DefinedKind
lib/libLLVMCore.a(DebugInfoMetadata.cpp.o);lib/libLLVMCore.a(Metadata.cpp.o);llvm::ValueAsMetadata::get(llvm::Value*);Defined DefinedKind
lib/libLLVMCore.a(DebugInfoMetadata.cpp.o);lib/libLLVMCore.a(Metadata.cpp.o);llvm::MetadataTracking::track(void*, llvm::Metadata&, llvm::PointerUnion<llvm::MetadataAsValue*, llvm::Metadata*>);Defined DefinedKind
lib/libLLVMCore.a(DebugInfoMetadata.cpp.o);lib/libLLVMCore.a(Metadata.cpp.o);llvm::MetadataTracking::untrack(void*, llvm::Metadata&);Defined DefinedKind
lib/libLLVMCore.a(DebugInfoMetadata.cpp.o);lib/libLLVMCore.a(Metadata.cpp.o);llvm::Function::getSubprogram() const;Defined DefinedKind
lib/libLLVMCore.a(DebugInfoMetadata.cpp.o);lib/libLLVMCore.a(Type.cpp.o);llvm::Type::getInt64Ty(llvm::LLVMContext&);Defined DefinedKind
lib/libLLVMCore.a(DebugLoc.cpp.o);lib/libLLVMSupport.a(MemAlloc.cpp.o);llvm::allocate_buffer(unsigned long, unsigned long);Defined DefinedKind
lib/libLLVMCore.a(DebugLoc.cpp.o);lib/libLLVMSupport.a(MemAlloc.cpp.o);llvm::deallocate_buffer(void*, unsigned long, unsigned long);Defined DefinedKind
lib/libLLVMCore.a(DebugLoc.cpp.o);lib/libLLVMSupport.a(raw_ostream.cpp.o);llvm::raw_ostream::write(unsigned char);Defined DefinedKind
lib/libLLVMCore.a(DebugLoc.cpp.o);lib/libLLVMSupport.a(raw_ostream.cpp.o);llvm::raw_ostream::write(char const*, unsigned long);Defined DefinedKind
lib/libLLVMCore.a(DebugLoc.cpp.o);lib/libLLVMSupport.a(raw_ostream.cpp.o);llvm::raw_ostream::operator<<(unsigned long);Defined DefinedKind
lib/libLLVMCore.a(DebugLoc.cpp.o);lib/libLLVMCore.a(DebugInfoMetadata.cpp.o);llvm::DILocation::getImpl(llvm::LLVMContext&, unsigned int, unsigned int, llvm::Metadata*, llvm::Metadata*, bool, llvm::Metadata::StorageType, bool);Defined DefinedKind
lib/libLLVMCore.a(DebugLoc.cpp.o);lib/libLLVMCore.a(Metadata.cpp.o);llvm::MetadataTracking::track(void*, llvm::Metadata&, llvm::PointerUnion<llvm::MetadataAsValue*, llvm::Metadata*>);Defined DefinedKind
lib/libLLVMCore.a(DebugLoc.cpp.o);lib/libLLVMCore.a(Metadata.cpp.o);llvm::MDString::getString() const;Defined DefinedKind
lib/libLLVMCore.a(DebugLoc.cpp.o);lib/libLLVMCore.a(Metadata.cpp.o);llvm::MetadataTracking::untrack(void*, llvm::Metadata&);Defined DefinedKind
lib/libLLVMCore.a(DiagnosticInfo.cpp.o);lib/libLLVMSupport.a(Twine.cpp.o);llvm::Twine::str[abi:cxx11]() const;Defined DefinedKind
lib/libLLVMCore.a(DiagnosticInfo.cpp.o);lib/libLLVMSupport.a(Twine.cpp.o);llvm::Twine::print(llvm::raw_ostream&) const;Defined DefinedKind
lib/libLLVMCore.a(DiagnosticInfo.cpp.o);lib/libLLVMSupport.a(raw_ostream.cpp.o);llvm::raw_ostream::operator<<(double);Defined DefinedKind
lib/libLLVMCore.a(DiagnosticInfo.cpp.o);lib/libLLVMSupport.a(raw_ostream.cpp.o);llvm::raw_ostream::operator<<(unsigned long);Defined DefinedKind
lib/libLLVMCore.a(DiagnosticInfo.cpp.o);lib/libLLVMSupport.a(raw_ostream.cpp.o);llvm::raw_ostream::SetBufferAndMode(char*, unsigned long, llvm::raw_ostream::BufferKind);Defined DefinedKind
lib/libLLVMCore.a(DiagnosticInfo.cpp.o);lib/libLLVMSupport.a(raw_ostream.cpp.o);llvm::raw_ostream::write(char const*, unsigned long);Defined DefinedKind
lib/libLLVMCore.a(DiagnosticInfo.cpp.o);lib/libLLVMSupport.a(raw_ostream.cpp.o);llvm::raw_ostream::write(unsigned char);Defined DefinedKind
lib/libLLVMCore.a(DiagnosticInfo.cpp.o);lib/libLLVMSupport.a(raw_ostream.cpp.o);llvm::raw_string_ostream::~raw_string_ostream();Defined DefinedKind
lib/libLLVMCore.a(DiagnosticInfo.cpp.o);lib/libLLVMSupport.a(raw_ostream.cpp.o);llvm::raw_ostream::flush_nonempty();Defined DefinedKind
lib/libLLVMCore.a(DiagnosticInfo.cpp.o);lib/libLLVMSupport.a(Path.cpp.o);llvm::sys::path::is_absolute(llvm::Twine const&, llvm::sys::path::Style);Defined DefinedKind
lib/libLLVMCore.a(DiagnosticInfo.cpp.o);lib/libLLVMSupport.a(Path.cpp.o);llvm::sys::path::append(llvm::SmallVectorImpl<char>&, llvm::Twine const&, llvm::Twine const&, llvm::Twine const&, llvm::Twine const&);Defined DefinedKind
lib/libLLVMCore.a(DiagnosticInfo.cpp.o);lib/libLLVMCore.a(AsmWriter.cpp.o);llvm::Type::print(llvm::raw_ostream&, bool, bool) const;Defined DefinedKind
lib/libLLVMCore.a(DiagnosticInfo.cpp.o);lib/libLLVMCore.a(DebugLoc.cpp.o);llvm::DebugLoc::get() const;Defined DefinedKind
lib/libLLVMCore.a(DiagnosticInfo.cpp.o);lib/libLLVMCore.a(Function.cpp.o);llvm::Function::getContext() const;Defined DefinedKind
lib/libLLVMCore.a(DiagnosticInfo.cpp.o);lib/libLLVMCore.a(Instruction.cpp.o);llvm::Instruction::getOpcodeName(unsigned int);Defined DefinedKind
lib/libLLVMCore.a(DiagnosticInfo.cpp.o);lib/libLLVMCore.a(Metadata.cpp.o);llvm::Function::getSubprogram() const;Defined DefinedKind
lib/libLLVMCore.a(DiagnosticInfo.cpp.o);lib/libLLVMCore.a(Metadata.cpp.o);llvm::MDString::getString() const;Defined DefinedKind
lib/libLLVMCore.a(DiagnosticInfo.cpp.o);lib/libLLVMCore.a(Value.cpp.o);llvm::Value::getName() const;Defined DefinedKind
lib/libLLVMSupport.a(InstructionCost.cpp.o);lib/libLLVMSupport.a(raw_ostream.cpp.o);llvm::raw_ostream::operator<<(long);Defined DefinedKind
lib/libLLVMSupport.a(InstructionCost.cpp.o);lib/libLLVMSupport.a(raw_ostream.cpp.o);llvm::raw_ostream::write(char const*, unsigned long);Defined DefinedKind
lib/libLLVMCore.a(Function.cpp.o);lib/libLLVMSupport.a(CommandLine.cpp.o);llvm::cl::GenericOptionValue::anchor();Defined DefinedKind
lib/libLLVMCore.a(Function.cpp.o);lib/libLLVMSupport.a(CommandLine.cpp.o);llvm::cl::Option::addArgument();Defined DefinedKind
lib/libLLVMCore.a(Function.cpp.o);lib/libLLVMSupport.a(CommandLine.cpp.o);llvm::cl::Option::setArgStr(llvm::StringRef);Defined DefinedKind
lib/libLLVMCore.a(Function.cpp.o);lib/libLLVMSupport.a(CommandLine.cpp.o);llvm::cl::GeneralCategory;Defined DefinedKind
lib/libLLVMCore.a(Function.cpp.o);lib/libLLVMSupport.a(MemAlloc.cpp.o);llvm::deallocate_buffer(void*, unsigned long, unsigned long);Defined DefinedKind
lib/libLLVMCore.a(Function.cpp.o);lib/libLLVMSupport.a(MemAlloc.cpp.o);llvm::allocate_buffer(unsigned long, unsigned long);Defined DefinedKind
lib/libLLVMCore.a(Function.cpp.o);lib/libLLVMSupport.a(StringMap.cpp.o);llvm::StringMapImpl::StringMapImpl(unsigned int, unsigned int);Defined DefinedKind
lib/libLLVMCore.a(Function.cpp.o);lib/libLLVMSupport.a(StringRef.cpp.o);llvm::StringRef::find(llvm::StringRef, unsigned long) const;Defined DefinedKind
lib/libLLVMCore.a(Function.cpp.o);lib/libLLVMSupport.a(APFloat.cpp.o);llvm::APFloatBase::IEEEsingle();Defined DefinedKind
lib/libLLVMCore.a(Function.cpp.o);lib/libLLVMSupport.a(TypeSize.cpp.o);llvm::TypeSize::operator unsigned long() const;Defined DefinedKind
lib/libLLVMCore.a(Function.cpp.o);lib/libLLVMCore.a(Attributes.cpp.o);llvm::AttributeList::addParamAttribute(llvm::LLVMContext&, llvm::ArrayRef<unsigned int>, llvm::Attribute) const;Defined DefinedKind
lib/libLLVMCore.a(Function.cpp.o);lib/libLLVMCore.a(Attributes.cpp.o);llvm::AttributeList::hasParamAttribute(unsigned int, llvm::Attribute::AttrKind) const;Defined DefinedKind
lib/libLLVMCore.a(Function.cpp.o);lib/libLLVMCore.a(Attributes.cpp.o);llvm::AttributeList::hasFnAttribute(llvm::Attribute::AttrKind) const;Defined DefinedKind
lib/libLLVMCore.a(Function.cpp.o);lib/libLLVMCore.a(Attributes.cpp.o);llvm::AttributeList::getParamAttributes(unsigned int) const;Defined DefinedKind
lib/libLLVMCore.a(Function.cpp.o);lib/libLLVMCore.a(Attributes.cpp.o);llvm::AttributeSet::getByValType() const;Defined DefinedKind
lib/libLLVMCore.a(Function.cpp.o);lib/libLLVMCore.a(Attributes.cpp.o);llvm::AttributeSet::getByRefType() const;Defined DefinedKind
lib/libLLVMCore.a(Function.cpp.o);lib/libLLVMCore.a(Attributes.cpp.o);llvm::AttributeSet::getPreallocatedType() const;Defined DefinedKind
lib/libLLVMCore.a(Function.cpp.o);lib/libLLVMCore.a(Attributes.cpp.o);llvm::AttributeSet::getInAllocaType() const;Defined DefinedKind
lib/libLLVMCore.a(Function.cpp.o);lib/libLLVMCore.a(Attributes.cpp.o);llvm::AttributeSet::getStructRetType() const;Defined DefinedKind
lib/libLLVMCore.a(Function.cpp.o);lib/libLLVMCore.a(Attributes.cpp.o);llvm::AttributeList::getParamAlignment(unsigned int) const;Defined DefinedKind
lib/libLLVMCore.a(Function.cpp.o);lib/libLLVMCore.a(Attributes.cpp.o);llvm::AttributeList::getParamStructRetType(unsigned int) const;Defined DefinedKind
lib/libLLVMCore.a(Function.cpp.o);lib/libLLVMCore.a(Attributes.cpp.o);llvm::AttributeList::get(llvm::LLVMContext&, unsigned int, llvm::ArrayRef<llvm::Attribute::AttrKind>, llvm::ArrayRef<unsigned long>);Defined DefinedKind
lib/libLLVMCore.a(Function.cpp.o);lib/libLLVMCore.a(Attributes.cpp.o);llvm::AttributeList::removeAttribute(llvm::LLVMContext&, unsigned int, llvm::Attribute::AttrKind) const;Defined DefinedKind
lib/libLLVMCore.a(Function.cpp.o);lib/libLLVMCore.a(Attributes.cpp.o);llvm::AttributeList::removeAttributes(llvm::LLVMContext&, unsigned int, llvm::AttrBuilder const&) const;Defined DefinedKind
lib/libLLVMCore.a(Function.cpp.o);lib/libLLVMCore.a(Attributes.cpp.o);llvm::AttributeList::addAttribute(llvm::LLVMContext&, unsigned int, llvm::Attribute::AttrKind) const;Defined DefinedKind
lib/libLLVMCore.a(Function.cpp.o);lib/libLLVMCore.a(Attributes.cpp.o);llvm::AttributeList::getAttribute(unsigned int, llvm::StringRef) const;Defined DefinedKind
lib/libLLVMCore.a(Function.cpp.o);lib/libLLVMCore.a(Attributes.cpp.o);llvm::Attribute::getValueAsString() const;Defined DefinedKind
lib/libLLVMCore.a(Function.cpp.o);lib/libLLVMCore.a(Attributes.cpp.o);llvm::AttrBuilder::addAttribute(llvm::StringRef, llvm::StringRef);Defined DefinedKind
lib/libLLVMCore.a(Function.cpp.o);lib/libLLVMCore.a(Attributes.cpp.o);llvm::AttributeList::get(llvm::LLVMContext&, llvm::ArrayRef<llvm::AttributeList>);Defined DefinedKind
lib/libLLVMCore.a(Function.cpp.o);lib/libLLVMCore.a(Attributes.cpp.o);llvm::AttributeList::get(llvm::LLVMContext&, unsigned int, llvm::ArrayRef<llvm::Attribute::AttrKind>);Defined DefinedKind
lib/libLLVMCore.a(Function.cpp.o);lib/libLLVMCore.a(BasicBlock.cpp.o);llvm::BasicBlock::~BasicBlock();Defined DefinedKind
lib/libLLVMCore.a(Function.cpp.o);lib/libLLVMCore.a(BasicBlock.cpp.o);llvm::BasicBlock::eraseFromParent();Defined DefinedKind
lib/libLLVMCore.a(Function.cpp.o);lib/libLLVMCore.a(BasicBlock.cpp.o);llvm::BasicBlock::setParent(llvm::Function*);Defined DefinedKind
lib/libLLVMCore.a(Function.cpp.o);lib/libLLVMCore.a(BasicBlock.cpp.o);llvm::BasicBlock::dropAllReferences();Defined DefinedKind
lib/libLLVMCore.a(Function.cpp.o);lib/libLLVMCore.a(Constants.cpp.o);llvm::ConstantPointerNull::get(llvm::PointerType*);Defined DefinedKind
lib/libLLVMCore.a(Function.cpp.o);lib/libLLVMCore.a(Constants.cpp.o);llvm::Constant::removeDeadConstantUsers() const;Defined DefinedKind
lib/libLLVMCore.a(Function.cpp.o);lib/libLLVMCore.a(DataLayout.cpp.o);llvm::DataLayout::getABITypeAlignment(llvm::Type*) const;Defined DefinedKind
lib/libLLVMCore.a(Function.cpp.o);lib/libLLVMCore.a(DataLayout.cpp.o);llvm::DataLayout::getStructLayout(llvm::StructType*) const;Defined DefinedKind
lib/libLLVMCore.a(Function.cpp.o);lib/libLLVMCore.a(DataLayout.cpp.o);llvm::DataLayout::getPointerSize(unsigned int) const;Defined DefinedKind
lib/libLLVMCore.a(Function.cpp.o);lib/libLLVMCore.a(AbstractCallSite.cpp.o);llvm::AbstractCallSite::AbstractCallSite(llvm::Use const*);Defined DefinedKind
lib/libLLVMCore.a(Function.cpp.o);lib/libLLVMCore.a(Instructions.cpp.o);llvm::CallBase::hasFnAttrOnCalledFunction(llvm::Attribute::AttrKind) const;Defined DefinedKind
lib/libLLVMCore.a(Function.cpp.o);lib/libLLVMCore.a(IntrinsicInst.cpp.o);llvm::Intrinsic::lookupLLVMIntrinsicByName(llvm::ArrayRef<char const*>, llvm::StringRef);Defined DefinedKind
lib/libLLVMCore.a(Function.cpp.o);lib/libLLVMCore.a(LLVMContext.cpp.o);llvm::LLVMContext::shouldDiscardValueNames() const;Defined DefinedKind
lib/libLLVMCore.a(Function.cpp.o);lib/libLLVMCore.a(LLVMContext.cpp.o);llvm::LLVMContext::deleteGC(llvm::Function const&);Defined DefinedKind
lib/libLLVMCore.a(Function.cpp.o);lib/libLLVMCore.a(LLVMContext.cpp.o);llvm::LLVMContext::getGC[abi:cxx11](llvm::Function const&);Defined DefinedKind
lib/libLLVMCore.a(Function.cpp.o);lib/libLLVMCore.a(LLVMContext.cpp.o);llvm::LLVMContext::setGC(llvm::Function const&, std::__cxx11::basic_string<char, std::char_traits<char>, std::allocator<char> >);Defined DefinedKind
lib/libLLVMCore.a(Function.cpp.o);lib/libLLVMCore.a(Metadata.cpp.o);llvm::MDString::getString() const;Defined DefinedKind
lib/libLLVMCore.a(Function.cpp.o);lib/libLLVMCore.a(Metadata.cpp.o);llvm::Value::getMetadata(unsigned int) const;Defined DefinedKind
lib/libLLVMCore.a(Function.cpp.o);lib/libLLVMCore.a(Metadata.cpp.o);llvm::Value::setMetadata(unsigned int, llvm::MDNode*);Defined DefinedKind
lib/libLLVMCore.a(Function.cpp.o);lib/libLLVMCore.a(Metadata.cpp.o);llvm::Value::clearMetadata();Defined DefinedKind
lib/libLLVMCore.a(Function.cpp.o);lib/libLLVMCore.a(Module.cpp.o);llvm::Module::getDataLayout() const;Defined DefinedKind
lib/libLLVMCore.a(Function.cpp.o);lib/libLLVMCore.a(Module.cpp.o);llvm::Module::getOrInsertFunction(llvm::StringRef, llvm::FunctionType*);Defined DefinedKind
lib/libLLVMCore.a(Function.cpp.o);lib/libLLVMCore.a(Module.cpp.o);llvm::Module::getUniqueIntrinsicName[abi:cxx11](llvm::StringRef, unsigned int, llvm::FunctionType const*);Defined DefinedKind
lib/libLLVMCore.a(Function.cpp.o);lib/libLLVMCore.a(Type.cpp.o);llvm::StructType::get(llvm::LLVMContext&, llvm::ArrayRef<llvm::Type*>, bool);Defined DefinedKind
lib/libLLVMCore.a(Function.cpp.o);lib/libLLVMCore.a(Type.cpp.o);llvm::Type::getTokenTy(llvm::LLVMContext&);Defined DefinedKind
lib/libLLVMCore.a(Function.cpp.o);lib/libLLVMCore.a(Type.cpp.o);llvm::IntegerType::get(llvm::LLVMContext&, unsigned int);Defined DefinedKind
lib/libLLVMCore.a(Function.cpp.o);lib/libLLVMCore.a(Type.cpp.o);llvm::Type::getHalfTy(llvm::LLVMContext&);Defined DefinedKind
lib/libLLVMCore.a(Function.cpp.o);lib/libLLVMCore.a(Type.cpp.o);llvm::PointerType::get(llvm::Type*, unsigned int);Defined DefinedKind
lib/libLLVMCore.a(Function.cpp.o);lib/libLLVMCore.a(Type.cpp.o);llvm::Type::getFP128Ty(llvm::LLVMContext&);Defined DefinedKind
lib/libLLVMCore.a(Function.cpp.o);lib/libLLVMCore.a(Type.cpp.o);llvm::Type::getDoubleTy(llvm::LLVMContext&);Defined DefinedKind
lib/libLLVMCore.a(Function.cpp.o);lib/libLLVMCore.a(Type.cpp.o);llvm::Type::getFloatTy(llvm::LLVMContext&);Defined DefinedKind
lib/libLLVMCore.a(Function.cpp.o);lib/libLLVMCore.a(Type.cpp.o);llvm::VectorType::get(llvm::Type*, llvm::ElementCount);Defined DefinedKind
lib/libLLVMCore.a(Function.cpp.o);lib/libLLVMCore.a(Type.cpp.o);llvm::Type::getVoidTy(llvm::LLVMContext&);Defined DefinedKind
lib/libLLVMCore.a(Function.cpp.o);lib/libLLVMCore.a(Type.cpp.o);llvm::Type::getInt1PtrTy(llvm::LLVMContext&, unsigned int);Defined DefinedKind
lib/libLLVMCore.a(Function.cpp.o);lib/libLLVMCore.a(Type.cpp.o);llvm::Type::getBFloatTy(llvm::LLVMContext&);Defined DefinedKind
lib/libLLVMCore.a(Function.cpp.o);lib/libLLVMCore.a(Type.cpp.o);llvm::Type::isIntegerTy(unsigned int) const;Defined DefinedKind
lib/libLLVMCore.a(Function.cpp.o);lib/libLLVMCore.a(Type.cpp.o);llvm::StructType::getName() const;Defined DefinedKind
lib/libLLVMCore.a(Function.cpp.o);lib/libLLVMCore.a(Type.cpp.o);llvm::Type::getIntNTy(llvm::LLVMContext&, unsigned int);Defined DefinedKind
lib/libLLVMCore.a(Function.cpp.o);lib/libLLVMCore.a(Type.cpp.o);llvm::Type::getScalarSizeInBits() const;Defined DefinedKind
lib/libLLVMCore.a(Function.cpp.o);lib/libLLVMCore.a(Type.cpp.o);llvm::Type::getPrimitiveSizeInBits() const;Defined DefinedKind
lib/libLLVMCore.a(Function.cpp.o);lib/libLLVMCore.a(Type.cpp.o);llvm::Type::getX86_AMXTy(llvm::LLVMContext&);Defined DefinedKind
lib/libLLVMCore.a(Function.cpp.o);lib/libLLVMCore.a(Type.cpp.o);llvm::Type::getX86_MMXTy(llvm::LLVMContext&);Defined DefinedKind
lib/libLLVMCore.a(Function.cpp.o);lib/libLLVMCore.a(Type.cpp.o);llvm::Type::getMetadataTy(llvm::LLVMContext&);Defined DefinedKind
lib/libLLVMCore.a(Function.cpp.o);lib/libLLVMCore.a(Type.cpp.o);llvm::FunctionType::get(llvm::Type*, llvm::ArrayRef<llvm::Type*>, bool);Defined DefinedKind
lib/libLLVMCore.a(Function.cpp.o);lib/libLLVMCore.a(User.cpp.o);llvm::User::operator new(unsigned long);Defined DefinedKind
lib/libLLVMCore.a(Function.cpp.o);lib/libLLVMCore.a(User.cpp.o);llvm::User::operator delete(void*);Defined DefinedKind
lib/libLLVMCore.a(Function.cpp.o);lib/libLLVMCore.a(User.cpp.o);llvm::User::allocHungoffUses(unsigned int, bool);Defined DefinedKind
lib/libLLVMCore.a(Function.cpp.o);lib/libLLVMCore.a(Value.cpp.o);llvm::Value::getName() const;Defined DefinedKind
lib/libLLVMCore.a(Function.cpp.o);lib/libLLVMCore.a(Value.cpp.o);llvm::Value::~Value();Defined DefinedKind
lib/libLLVMCore.a(Function.cpp.o);lib/libLLVMCore.a(Value.cpp.o);llvm::Value::Value(llvm::Type*, unsigned int);Defined DefinedKind
lib/libLLVMCore.a(Function.cpp.o);lib/libLLVMCore.a(Value.cpp.o);llvm::Value::getValueName() const;Defined DefinedKind
lib/libLLVMCore.a(Function.cpp.o);lib/libLLVMCore.a(Value.cpp.o);llvm::Value::setName(llvm::Twine const&);Defined DefinedKind
lib/libLLVMCore.a(Function.cpp.o);lib/libLLVMCore.a(ValueSymbolTable.cpp.o);llvm::ValueSymbolTable::~ValueSymbolTable();Defined DefinedKind
lib/libLLVMCore.a(Function.cpp.o);lib/libLLVMCore.a(ValueSymbolTable.cpp.o);llvm::ValueSymbolTable::reinsertValue(llvm::Value*);Defined DefinedKind
lib/libLLVMCore.a(Function.cpp.o);lib/libLLVMCore.a(ValueSymbolTable.cpp.o);llvm::ValueSymbolTable::removeValueName(llvm::StringMapEntry<llvm::Value*>*);Defined DefinedKind
lib/libLLVMCore.a(AbstractCallSite.cpp.o);lib/libLLVMCore.a(Constants.cpp.o);llvm::Constant::isNullValue() const;Defined DefinedKind
lib/libLLVMCore.a(AbstractCallSite.cpp.o);lib/libLLVMCore.a(Constants.cpp.o);llvm::ConstantExpr::isCast() const;Defined DefinedKind
lib/libLLVMCore.a(AbstractCallSite.cpp.o);lib/libLLVMCore.a(Instructions.cpp.o);llvm::CallBase::getNumSubclassExtraOperandsDynamic() const;Defined DefinedKind
lib/libLLVMCore.a(AbstractCallSite.cpp.o);lib/libLLVMCore.a(Metadata.cpp.o);llvm::Value::getMetadata(unsigned int) const;Defined DefinedKind
lib/libLLVMCore.a(AbstractCallSite.cpp.o);lib/libLLVMCore.a(User.cpp.o);llvm::User::getDescriptor();Defined DefinedKind
lib/libLLVMCore.a(Globals.cpp.o);lib/libLLVMSupport.a(MemAlloc.cpp.o);llvm::allocate_buffer(unsigned long, unsigned long);Defined DefinedKind
lib/libLLVMCore.a(Globals.cpp.o);lib/libLLVMSupport.a(MemAlloc.cpp.o);llvm::deallocate_buffer(void*, unsigned long, unsigned long);Defined DefinedKind
lib/libLLVMCore.a(Globals.cpp.o);lib/libLLVMSupport.a(StringSaver.cpp.o);llvm::UniqueStringSaver::save(llvm::StringRef);Defined DefinedKind
lib/libLLVMCore.a(Globals.cpp.o);lib/libLLVMSupport.a(Triple.cpp.o);llvm::Triple::Triple(llvm::Twine const&);Defined DefinedKind
lib/libLLVMCore.a(Globals.cpp.o);lib/libLLVMCore.a(Constants.cpp.o);llvm::Constant::removeDeadConstantUsers() const;Defined DefinedKind
lib/libLLVMCore.a(Globals.cpp.o);lib/libLLVMCore.a(Function.cpp.o);llvm::Function::eraseFromParent();Defined DefinedKind
lib/libLLVMCore.a(Globals.cpp.o);lib/libLLVMCore.a(Metadata.cpp.o);llvm::Value::getMetadata(unsigned int) const;Defined DefinedKind
lib/libLLVMCore.a(Globals.cpp.o);lib/libLLVMCore.a(Metadata.cpp.o);llvm::Value::clearMetadata();Defined DefinedKind
lib/libLLVMCore.a(Globals.cpp.o);lib/libLLVMCore.a(Module.cpp.o);llvm::Module::getSemanticInterposition() const;Defined DefinedKind
lib/libLLVMCore.a(Globals.cpp.o);lib/libLLVMCore.a(Module.cpp.o);llvm::Module::getDataLayout() const;Defined DefinedKind
lib/libLLVMCore.a(Globals.cpp.o);lib/libLLVMCore.a(Type.cpp.o);llvm::PointerType::get(llvm::Type*, unsigned int);Defined DefinedKind
lib/libLLVMCore.a(Globals.cpp.o);lib/libLLVMCore.a(User.cpp.o);llvm::User::operator new(unsigned long, unsigned int);Defined DefinedKind
lib/libLLVMCore.a(Globals.cpp.o);lib/libLLVMCore.a(User.cpp.o);llvm::User::operator delete(void*);Defined DefinedKind
lib/libLLVMCore.a(Globals.cpp.o);lib/libLLVMCore.a(Value.cpp.o);llvm::Value::setName(llvm::Twine const&);Defined DefinedKind
lib/libLLVMCore.a(Globals.cpp.o);lib/libLLVMCore.a(Value.cpp.o);llvm::Value::~Value();Defined DefinedKind
lib/libLLVMCore.a(Globals.cpp.o);lib/libLLVMCore.a(Value.cpp.o);llvm::Value::Value(llvm::Type*, unsigned int);Defined DefinedKind
lib/libLLVMCore.a(Globals.cpp.o);lib/libLLVMCore.a(Value.cpp.o);llvm::Value::getName() const;Defined DefinedKind
lib/libLLVMCore.a(Globals.cpp.o);lib/libLLVMCore.a(Value.cpp.o);llvm::Value::getContext() const;Defined DefinedKind
lib/libLLVMCore.a(IRBuilder.cpp.o);lib/libLLVMSupport.a(APInt.cpp.o);llvm::APInt::countLeadingZerosSlowCase() const;Defined DefinedKind
lib/libLLVMCore.a(IRBuilder.cpp.o);lib/libLLVMSupport.a(TypeSize.cpp.o);llvm::TypeSize::operator unsigned long() const;Defined DefinedKind
lib/libLLVMCore.a(IRBuilder.cpp.o);lib/libLLVMCore.a(Attributes.cpp.o);llvm::AttributeList::addParamAttribute(llvm::LLVMContext&, llvm::ArrayRef<unsigned int>, llvm::Attribute) const;Defined DefinedKind
lib/libLLVMCore.a(IRBuilder.cpp.o);lib/libLLVMCore.a(Attributes.cpp.o);llvm::Attribute::getWithAlignment(llvm::LLVMContext&, llvm::Align);Defined DefinedKind
lib/libLLVMCore.a(IRBuilder.cpp.o);lib/libLLVMCore.a(Attributes.cpp.o);llvm::AttributeList::removeAttribute(llvm::LLVMContext&, unsigned int, llvm::Attribute::AttrKind) const;Defined DefinedKind
lib/libLLVMCore.a(IRBuilder.cpp.o);lib/libLLVMCore.a(Attributes.cpp.o);llvm::AttributeList::addAttribute(llvm::LLVMContext&, unsigned int, llvm::Attribute::AttrKind) const;Defined DefinedKind
lib/libLLVMCore.a(IRBuilder.cpp.o);lib/libLLVMCore.a(BasicBlock.cpp.o);llvm::BasicBlock::getModule() const;Defined DefinedKind
lib/libLLVMCore.a(IRBuilder.cpp.o);lib/libLLVMCore.a(Constants.cpp.o);llvm::ConstantExpr::getURem(llvm::Constant*, llvm::Constant*);Defined DefinedKind
lib/libLLVMCore.a(IRBuilder.cpp.o);lib/libLLVMCore.a(Constants.cpp.o);llvm::ConstantExpr::getFAdd(llvm::Constant*, llvm::Constant*);Defined DefinedKind
lib/libLLVMCore.a(IRBuilder.cpp.o);lib/libLLVMCore.a(Constants.cpp.o);llvm::ConstantExpr::getSRem(llvm::Constant*, llvm::Constant*);Defined DefinedKind
lib/libLLVMCore.a(IRBuilder.cpp.o);lib/libLLVMCore.a(Constants.cpp.o);llvm::ConstantExpr::getFRem(llvm::Constant*, llvm::Constant*);Defined DefinedKind
lib/libLLVMCore.a(IRBuilder.cpp.o);lib/libLLVMCore.a(Constants.cpp.o);llvm::ConstantExpr::getShl(llvm::Constant*, llvm::Constant*, bool, bool);Defined DefinedKind
lib/libLLVMCore.a(IRBuilder.cpp.o);lib/libLLVMCore.a(Constants.cpp.o);llvm::ConstantExpr::getAShr(llvm::Constant*, llvm::Constant*, bool);Defined DefinedKind
lib/libLLVMCore.a(IRBuilder.cpp.o);lib/libLLVMCore.a(Constants.cpp.o);llvm::ConstantExpr::getAnd(llvm::Constant*, llvm::Constant*);Defined DefinedKind
lib/libLLVMCore.a(IRBuilder.cpp.o);lib/libLLVMCore.a(Constants.cpp.o);llvm::ConstantExpr::getOr(llvm::Constant*, llvm::Constant*);Defined DefinedKind
lib/libLLVMCore.a(IRBuilder.cpp.o);lib/libLLVMCore.a(Constants.cpp.o);llvm::ConstantExpr::getXor(llvm::Constant*, llvm::Constant*);Defined DefinedKind
lib/libLLVMCore.a(IRBuilder.cpp.o);lib/libLLVMCore.a(Constants.cpp.o);llvm::ConstantExpr::getNeg(llvm::Constant*, bool, bool);Defined DefinedKind
lib/libLLVMCore.a(IRBuilder.cpp.o);lib/libLLVMCore.a(Constants.cpp.o);llvm::ConstantExpr::getFNeg(llvm::Constant*);Defined DefinedKind
lib/libLLVMCore.a(IRBuilder.cpp.o);lib/libLLVMCore.a(Constants.cpp.o);llvm::ConstantExpr::getNot(llvm::Constant*);Defined DefinedKind
lib/libLLVMCore.a(IRBuilder.cpp.o);lib/libLLVMCore.a(Constants.cpp.o);llvm::ConstantExpr::getPointerCast(llvm::Constant*, llvm::Type*);Defined DefinedKind
lib/libLLVMCore.a(IRBuilder.cpp.o);lib/libLLVMCore.a(Constants.cpp.o);llvm::ConstantExpr::getPointerBitCastOrAddrSpaceCast(llvm::Constant*, llvm::Type*);Defined DefinedKind
lib/libLLVMCore.a(IRBuilder.cpp.o);lib/libLLVMCore.a(Constants.cpp.o);llvm::ConstantExpr::getIntegerCast(llvm::Constant*, llvm::Type*, bool);Defined DefinedKind
lib/libLLVMCore.a(IRBuilder.cpp.o);lib/libLLVMCore.a(Constants.cpp.o);llvm::ConstantExpr::getFDiv(llvm::Constant*, llvm::Constant*);Defined DefinedKind
lib/libLLVMCore.a(IRBuilder.cpp.o);lib/libLLVMCore.a(Constants.cpp.o);llvm::ConstantExpr::getUDiv(llvm::Constant*, llvm::Constant*, bool);Defined DefinedKind
lib/libLLVMCore.a(IRBuilder.cpp.o);lib/libLLVMCore.a(Constants.cpp.o);llvm::ConstantExpr::getFMul(llvm::Constant*, llvm::Constant*);Defined DefinedKind
lib/libLLVMCore.a(IRBuilder.cpp.o);lib/libLLVMCore.a(Constants.cpp.o);llvm::ConstantExpr::getFSub(llvm::Constant*, llvm::Constant*);Defined DefinedKind
lib/libLLVMCore.a(IRBuilder.cpp.o);lib/libLLVMCore.a(Constants.cpp.o);llvm::ConstantExpr::getCast(unsigned int, llvm::Constant*, llvm::Type*, bool);Defined DefinedKind
lib/libLLVMCore.a(IRBuilder.cpp.o);lib/libLLVMCore.a(Constants.cpp.o);llvm::ConstantExpr::getAdd(llvm::Constant*, llvm::Constant*, bool, bool);Defined DefinedKind
lib/libLLVMCore.a(IRBuilder.cpp.o);lib/libLLVMCore.a(Constants.cpp.o);llvm::ConstantDataArray::getString(llvm::LLVMContext&, llvm::StringRef, bool);Defined DefinedKind
lib/libLLVMCore.a(IRBuilder.cpp.o);lib/libLLVMCore.a(Constants.cpp.o);llvm::ConstantInt::get(llvm::Type*, unsigned long, bool);Defined DefinedKind
lib/libLLVMCore.a(IRBuilder.cpp.o);lib/libLLVMCore.a(Constants.cpp.o);llvm::ConstantVector::get(llvm::ArrayRef<llvm::Constant*>);Defined DefinedKind
lib/libLLVMCore.a(IRBuilder.cpp.o);lib/libLLVMCore.a(Constants.cpp.o);llvm::ConstantInt::get(llvm::IntegerType*, unsigned long, bool);Defined DefinedKind
lib/libLLVMCore.a(IRBuilder.cpp.o);lib/libLLVMCore.a(Constants.cpp.o);llvm::UndefValue::get(llvm::Type*);Defined DefinedKind
lib/libLLVMCore.a(IRBuilder.cpp.o);lib/libLLVMCore.a(Constants.cpp.o);llvm::Constant::getAllOnesValue(llvm::Type*);Defined DefinedKind
lib/libLLVMCore.a(IRBuilder.cpp.o);lib/libLLVMCore.a(Constants.cpp.o);llvm::ConstantExpr::getSizeOf(llvm::Type*);Defined DefinedKind
lib/libLLVMCore.a(IRBuilder.cpp.o);lib/libLLVMCore.a(Constants.cpp.o);llvm::PoisonValue::get(llvm::Type*);Defined DefinedKind
lib/libLLVMCore.a(IRBuilder.cpp.o);lib/libLLVMCore.a(Constants.cpp.o);llvm::ConstantInt::getTrue(llvm::LLVMContext&);Defined DefinedKind
lib/libLLVMCore.a(IRBuilder.cpp.o);lib/libLLVMCore.a(Constants.cpp.o);llvm::ConstantExpr::getZExtOrBitCast(llvm::Constant*, llvm::Type*);Defined DefinedKind
lib/libLLVMCore.a(IRBuilder.cpp.o);lib/libLLVMCore.a(Constants.cpp.o);llvm::ConstantExpr::getMul(llvm::Constant*, llvm::Constant*, bool, bool);Defined DefinedKind
lib/libLLVMCore.a(IRBuilder.cpp.o);lib/libLLVMCore.a(Constants.cpp.o);llvm::ConstantExpr::get(unsigned int, llvm::Constant*, llvm::Constant*, unsigned int, llvm::Type*);Defined DefinedKind
lib/libLLVMCore.a(IRBuilder.cpp.o);lib/libLLVMCore.a(Constants.cpp.o);llvm::ConstantExpr::get(unsigned int, llvm::Constant*, unsigned int, llvm::Type*);Defined DefinedKind
lib/libLLVMCore.a(IRBuilder.cpp.o);lib/libLLVMCore.a(Constants.cpp.o);llvm::ConstantExpr::getCompare(unsigned short, llvm::Constant*, llvm::Constant*, bool);Defined DefinedKind
lib/libLLVMCore.a(IRBuilder.cpp.o);lib/libLLVMCore.a(Constants.cpp.o);llvm::ConstantExpr::getSelect(llvm::Constant*, llvm::Constant*, llvm::Constant*, llvm::Type*);Defined DefinedKind
lib/libLLVMCore.a(IRBuilder.cpp.o);lib/libLLVMCore.a(Constants.cpp.o);llvm::ConstantExpr::getSub(llvm::Constant*, llvm::Constant*, bool, bool);Defined DefinedKind
lib/libLLVMCore.a(IRBuilder.cpp.o);lib/libLLVMCore.a(Constants.cpp.o);llvm::ConstantExpr::getSDiv(llvm::Constant*, llvm::Constant*, bool);Defined DefinedKind
lib/libLLVMCore.a(IRBuilder.cpp.o);lib/libLLVMCore.a(Constants.cpp.o);llvm::ConstantExpr::getShuffleVector(llvm::Constant*, llvm::Constant*, llvm::ArrayRef<int>, llvm::Type*);Defined DefinedKind
lib/libLLVMCore.a(IRBuilder.cpp.o);lib/libLLVMCore.a(Constants.cpp.o);llvm::ConstantExpr::getInsertElement(llvm::Constant*, llvm::Constant*, llvm::Constant*, llvm::Type*);Defined DefinedKind
lib/libLLVMCore.a(IRBuilder.cpp.o);lib/libLLVMCore.a(Constants.cpp.o);llvm::ConstantExpr::getLShr(llvm::Constant*, llvm::Constant*, bool);Defined DefinedKind
lib/libLLVMCore.a(IRBuilder.cpp.o);lib/libLLVMCore.a(Constants.cpp.o);llvm::ConstantExpr::getInsertValue(llvm::Constant*, llvm::Constant*, llvm::ArrayRef<unsigned int>, llvm::Type*);Defined DefinedKind
lib/libLLVMCore.a(IRBuilder.cpp.o);lib/libLLVMCore.a(Constants.cpp.o);llvm::ConstantExpr::getExtractValue(llvm::Constant*, llvm::ArrayRef<unsigned int>, llvm::Type*);Defined DefinedKind
lib/libLLVMCore.a(IRBuilder.cpp.o);lib/libLLVMCore.a(Constants.cpp.o);llvm::ConstantExpr::getExtractElement(llvm::Constant*, llvm::Constant*, llvm::Type*);Defined DefinedKind
lib/libLLVMCore.a(IRBuilder.cpp.o);lib/libLLVMCore.a(Constants.cpp.o);llvm::ConstantExpr::getTruncOrBitCast(llvm::Constant*, llvm::Type*);Defined DefinedKind
lib/libLLVMCore.a(IRBuilder.cpp.o);lib/libLLVMCore.a(Constants.cpp.o);llvm::ConstantExpr::getSExtOrBitCast(llvm::Constant*, llvm::Type*);Defined DefinedKind
lib/libLLVMCore.a(IRBuilder.cpp.o);lib/libLLVMCore.a(Constants.cpp.o);llvm::ConstantExpr::getGetElementPtr(llvm::Type*, llvm::Constant*, llvm::ArrayRef<llvm::Value*>, bool, llvm::Optional<unsigned int>, llvm::Type*);Defined DefinedKind
lib/libLLVMCore.a(IRBuilder.cpp.o);lib/libLLVMCore.a(Constants.cpp.o);llvm::ConstantExpr::getFPCast(llvm::Constant*, llvm::Type*);Defined DefinedKind
lib/libLLVMCore.a(IRBuilder.cpp.o);lib/libLLVMCore.a(DataLayout.cpp.o);llvm::DataLayout::getABITypeAlignment(llvm::Type*) const;Defined DefinedKind
lib/libLLVMCore.a(IRBuilder.cpp.o);lib/libLLVMCore.a(DataLayout.cpp.o);llvm::DataLayout::getStructLayout(llvm::StructType*) const;Defined DefinedKind
lib/libLLVMCore.a(IRBuilder.cpp.o);lib/libLLVMCore.a(DataLayout.cpp.o);llvm::DataLayout::getPointerSize(unsigned int) const;Defined DefinedKind
lib/libLLVMCore.a(IRBuilder.cpp.o);lib/libLLVMCore.a(Function.cpp.o);llvm::Intrinsic::getDeclaration(llvm::Module*, unsigned int, llvm::ArrayRef<llvm::Type*>);Defined DefinedKind
lib/libLLVMCore.a(IRBuilder.cpp.o);lib/libLLVMCore.a(Globals.cpp.o);llvm::GlobalObject::setAlignment(llvm::MaybeAlign);Defined DefinedKind
lib/libLLVMCore.a(IRBuilder.cpp.o);lib/libLLVMCore.a(Globals.cpp.o);llvm::GlobalVariable::GlobalVariable(llvm::Module&, llvm::Type*, bool, llvm::GlobalValue::LinkageTypes, llvm::Constant*, llvm::Twine const&, llvm::GlobalVariable*, llvm::GlobalValue::ThreadLocalMode, llvm::Optional<unsigned int>, bool);Defined DefinedKind
lib/libLLVMCore.a(IRBuilder.cpp.o);lib/libLLVMCore.a(FPEnv.cpp.o);llvm::RoundingModeToStr(llvm::RoundingMode);Defined DefinedKind
lib/libLLVMCore.a(IRBuilder.cpp.o);lib/libLLVMCore.a(FPEnv.cpp.o);llvm::ExceptionBehaviorToStr(llvm::fp::ExceptionBehavior);Defined DefinedKind
lib/libLLVMCore.a(IRBuilder.cpp.o);lib/libLLVMCore.a(Instruction.cpp.o);llvm::Instruction::setHasNoSignedWrap(bool);Defined DefinedKind
lib/libLLVMCore.a(IRBuilder.cpp.o);lib/libLLVMCore.a(Instruction.cpp.o);llvm::Instruction::setIsExact(bool);Defined DefinedKind
lib/libLLVMCore.a(IRBuilder.cpp.o);lib/libLLVMCore.a(Instruction.cpp.o);llvm::Instruction::getFastMathFlags() const;Defined DefinedKind
lib/libLLVMCore.a(IRBuilder.cpp.o);lib/libLLVMCore.a(Instruction.cpp.o);llvm::Instruction::Instruction(llvm::Type*, unsigned int, llvm::Use*, unsigned int, llvm::Instruction*);Defined DefinedKind
lib/libLLVMCore.a(IRBuilder.cpp.o);lib/libLLVMCore.a(Instruction.cpp.o);llvm::Instruction::setHasNoUnsignedWrap(bool);Defined DefinedKind
lib/libLLVMCore.a(IRBuilder.cpp.o);lib/libLLVMCore.a(Instruction.cpp.o);llvm::Instruction::setFastMathFlags(llvm::FastMathFlags);Defined DefinedKind
lib/libLLVMCore.a(IRBuilder.cpp.o);lib/libLLVMCore.a(Instructions.cpp.o);llvm::ShuffleVectorInst::ShuffleVectorInst(llvm::Value*, llvm::Value*, llvm::ArrayRef<int>, llvm::Twine const&, llvm::Instruction*);Defined DefinedKind
lib/libLLVMCore.a(IRBuilder.cpp.o);lib/libLLVMCore.a(Instructions.cpp.o);llvm::InvokeInst::init(llvm::FunctionType*, llvm::Value*, llvm::BasicBlock*, llvm::BasicBlock*, llvm::ArrayRef<llvm::Value*>, llvm::ArrayRef<llvm::OperandBundleDefT<llvm::Value*> >, llvm::Twine const&);Defined DefinedKind
lib/libLLVMCore.a(IRBuilder.cpp.o);lib/libLLVMCore.a(Instructions.cpp.o);llvm::CastInst::Create(llvm::Instruction::CastOps, llvm::Value*, llvm::Type*, llvm::Twine const&, llvm::Instruction*);Defined DefinedKind
lib/libLLVMCore.a(IRBuilder.cpp.o);lib/libLLVMCore.a(Instructions.cpp.o);llvm::BinaryOperator::CreateNeg(llvm::Value*, llvm::Twine const&, llvm::Instruction*);Defined DefinedKind
lib/libLLVMCore.a(IRBuilder.cpp.o);lib/libLLVMCore.a(Instructions.cpp.o);llvm::BinaryOperator::Create(llvm::Instruction::BinaryOps, llvm::Value*, llvm::Value*, llvm::Twine const&, llvm::Instruction*);Defined DefinedKind
lib/libLLVMCore.a(IRBuilder.cpp.o);lib/libLLVMCore.a(Instructions.cpp.o);llvm::CmpInst::getPredicateName(llvm::CmpInst::Predicate);Defined DefinedKind
lib/libLLVMCore.a(IRBuilder.cpp.o);lib/libLLVMCore.a(Instructions.cpp.o);llvm::UnaryOperator::Create(llvm::Instruction::UnaryOps, llvm::Value*, llvm::Twine const&, llvm::Instruction*);Defined DefinedKind
lib/libLLVMCore.a(IRBuilder.cpp.o);lib/libLLVMCore.a(Instructions.cpp.o);llvm::BinaryOperator::CreateNot(llvm::Value*, llvm::Twine const&, llvm::Instruction*);Defined DefinedKind
lib/libLLVMCore.a(IRBuilder.cpp.o);lib/libLLVMCore.a(Instructions.cpp.o);llvm::ExtractElementInst::ExtractElementInst(llvm::Value*, llvm::Value*, llvm::Twine const&, llvm::Instruction*);Defined DefinedKind
lib/libLLVMCore.a(IRBuilder.cpp.o);lib/libLLVMCore.a(Instructions.cpp.o);llvm::ExtractValueInst::init(llvm::ArrayRef<unsigned int>, llvm::Twine const&);Defined DefinedKind
lib/libLLVMCore.a(IRBuilder.cpp.o);lib/libLLVMCore.a(Instructions.cpp.o);llvm::ExtractValueInst::getIndexedType(llvm::Type*, llvm::ArrayRef<unsigned int>);Defined DefinedKind
lib/libLLVMCore.a(IRBuilder.cpp.o);lib/libLLVMCore.a(Instructions.cpp.o);llvm::InsertValueInst::init(llvm::Value*, llvm::Value*, llvm::ArrayRef<unsigned int>, llvm::Twine const&);Defined DefinedKind
lib/libLLVMCore.a(IRBuilder.cpp.o);lib/libLLVMCore.a(Instructions.cpp.o);llvm::CastInst::CreatePointerCast(llvm::Value*, llvm::Type*, llvm::Twine const&, llvm::Instruction*);Defined DefinedKind
lib/libLLVMCore.a(IRBuilder.cpp.o);lib/libLLVMCore.a(Instructions.cpp.o);llvm::InsertElementInst::InsertElementInst(llvm::Value*, llvm::Value*, llvm::Value*, llvm::Twine const&, llvm::Instruction*);Defined DefinedKind
lib/libLLVMCore.a(IRBuilder.cpp.o);lib/libLLVMCore.a(Instructions.cpp.o);llvm::CmpInst::CmpInst(llvm::Type*, llvm::Instruction::OtherOps, llvm::CmpInst::Predicate, llvm::Value*, llvm::Value*, llvm::Twine const&, llvm::Instruction*, llvm::Instruction*);Defined DefinedKind
lib/libLLVMCore.a(IRBuilder.cpp.o);lib/libLLVMCore.a(Instructions.cpp.o);llvm::GetElementPtrInst::getIndexedType(llvm::Type*, llvm::ArrayRef<llvm::Value*>);Defined DefinedKind
lib/libLLVMCore.a(IRBuilder.cpp.o);lib/libLLVMCore.a(Instructions.cpp.o);llvm::GetElementPtrInst::init(llvm::Value*, llvm::ArrayRef<llvm::Value*>, llvm::Twine const&);Defined DefinedKind
lib/libLLVMCore.a(IRBuilder.cpp.o);lib/libLLVMCore.a(Instructions.cpp.o);llvm::GetElementPtrInst::setIsInBounds(bool);Defined DefinedKind
lib/libLLVMCore.a(IRBuilder.cpp.o);lib/libLLVMCore.a(Instructions.cpp.o);llvm::CastInst::CreateIntegerCast(llvm::Value*, llvm::Type*, bool, llvm::Twine const&, llvm::Instruction*);Defined DefinedKind
lib/libLLVMCore.a(IRBuilder.cpp.o);lib/libLLVMCore.a(Instructions.cpp.o);llvm::CallInst::init(llvm::FunctionType*, llvm::Value*, llvm::ArrayRef<llvm::Value*>, llvm::ArrayRef<llvm::OperandBundleDefT<llvm::Value*> >, llvm::Twine const&);Defined DefinedKind
lib/libLLVMCore.a(IRBuilder.cpp.o);lib/libLLVMCore.a(Metadata.cpp.o);llvm::MDString::get(llvm::LLVMContext&, llvm::StringRef);Defined DefinedKind
lib/libLLVMCore.a(IRBuilder.cpp.o);lib/libLLVMCore.a(Metadata.cpp.o);llvm::MetadataAsValue::get(llvm::LLVMContext&, llvm::Metadata*);Defined DefinedKind
lib/libLLVMCore.a(IRBuilder.cpp.o);lib/libLLVMCore.a(Metadata.cpp.o);llvm::Instruction::setMetadata(unsigned int, llvm::MDNode*);Defined DefinedKind
lib/libLLVMCore.a(IRBuilder.cpp.o);lib/libLLVMCore.a(Metadata.cpp.o);llvm::Instruction::getMetadataImpl(unsigned int) const;Defined DefinedKind
lib/libLLVMCore.a(IRBuilder.cpp.o);lib/libLLVMCore.a(Type.cpp.o);llvm::Type::getInt32Ty(llvm::LLVMContext&);Defined DefinedKind
lib/libLLVMCore.a(IRBuilder.cpp.o);lib/libLLVMCore.a(Type.cpp.o);llvm::Type::getInt64Ty(llvm::LLVMContext&);Defined DefinedKind
lib/libLLVMCore.a(IRBuilder.cpp.o);lib/libLLVMCore.a(Type.cpp.o);llvm::VectorType::get(llvm::Type*, llvm::ElementCount);Defined DefinedKind
lib/libLLVMCore.a(IRBuilder.cpp.o);lib/libLLVMCore.a(Type.cpp.o);llvm::PointerType::get(llvm::Type*, unsigned int);Defined DefinedKind
lib/libLLVMCore.a(IRBuilder.cpp.o);lib/libLLVMCore.a(Type.cpp.o);llvm::Type::getInt1Ty(llvm::LLVMContext&);Defined DefinedKind
lib/libLLVMCore.a(IRBuilder.cpp.o);lib/libLLVMCore.a(Type.cpp.o);llvm::Type::getInt8PtrTy(llvm::LLVMContext&, unsigned int);Defined DefinedKind
lib/libLLVMCore.a(IRBuilder.cpp.o);lib/libLLVMCore.a(Type.cpp.o);llvm::Type::isIntegerTy(unsigned int) const;Defined DefinedKind
lib/libLLVMCore.a(IRBuilder.cpp.o);lib/libLLVMCore.a(Type.cpp.o);llvm::PointerType::get(llvm::LLVMContext&, unsigned int);Defined DefinedKind
lib/libLLVMCore.a(IRBuilder.cpp.o);lib/libLLVMCore.a(User.cpp.o);llvm::User::operator new(unsigned long, unsigned int, unsigned int);Defined DefinedKind
lib/libLLVMCore.a(IRBuilder.cpp.o);lib/libLLVMCore.a(User.cpp.o);llvm::User::operator new(unsigned long, unsigned int);Defined DefinedKind
lib/libLLVMCore.a(IRBuilder.cpp.o);lib/libLLVMCore.a(Value.cpp.o);llvm::Value::setName(llvm::Twine const&);Defined DefinedKind
lib/libLLVMCore.a(IRBuilder.cpp.o);lib/libLLVMCore.a(Value.cpp.o);llvm::Value::getContext() const;Defined DefinedKind
lib/libLLVMCore.a(InlineAsm.cpp.o);lib/libLLVMSupport.a(MemAlloc.cpp.o);llvm::allocate_buffer(unsigned long, unsigned long);Defined DefinedKind
lib/libLLVMCore.a(InlineAsm.cpp.o);lib/libLLVMSupport.a(MemAlloc.cpp.o);llvm::deallocate_buffer(void*, unsigned long, unsigned long);Defined DefinedKind
lib/libLLVMCore.a(InlineAsm.cpp.o);lib/libLLVMSupport.a(StringRef.cpp.o);guard variable for llvm::hashing::detail::get_execution_seed()::seed;Defined DefinedKind
lib/libLLVMCore.a(InlineAsm.cpp.o);lib/libLLVMSupport.a(StringRef.cpp.o);llvm::hashing::detail::get_execution_seed()::seed;Defined DefinedKind
lib/libLLVMCore.a(InlineAsm.cpp.o);lib/libLLVMSupport.a(StringRef.cpp.o);llvm::hash_value(llvm::StringRef);Defined DefinedKind
lib/libLLVMCore.a(InlineAsm.cpp.o);lib/libLLVMSupport.a(Hashing.cpp.o);llvm::hashing::detail::fixed_seed_override;Defined DefinedKind
lib/libLLVMCore.a(InlineAsm.cpp.o);lib/libLLVMCore.a(Type.cpp.o);llvm::PointerType::get(llvm::Type*, unsigned int);Defined DefinedKind
lib/libLLVMCore.a(InlineAsm.cpp.o);lib/libLLVMCore.a(Value.cpp.o);llvm::Value::Value(llvm::Type*, unsigned int);Defined DefinedKind
lib/libLLVMCore.a(InlineAsm.cpp.o);lib/libLLVMCore.a(Value.cpp.o);llvm::Value::~Value();Defined DefinedKind
lib/libLLVMCore.a(Instruction.cpp.o);lib/libLLVMSupport.a(MemAlloc.cpp.o);llvm::deallocate_buffer(void*, unsigned long, unsigned long);Defined DefinedKind
lib/libLLVMCore.a(Instruction.cpp.o);lib/libLLVMSupport.a(MemAlloc.cpp.o);llvm::allocate_buffer(unsigned long, unsigned long);Defined DefinedKind
lib/libLLVMCore.a(Instruction.cpp.o);lib/libLLVMSupport.a(APInt.cpp.o);llvm::APInt::countLeadingZerosSlowCase() const;Defined DefinedKind
lib/libLLVMCore.a(Instruction.cpp.o);lib/libLLVMCore.a(Attributes.cpp.o);llvm::AttributeList::hasFnAttribute(llvm::Attribute::AttrKind) const;Defined DefinedKind
lib/libLLVMCore.a(Instruction.cpp.o);lib/libLLVMCore.a(BasicBlock.cpp.o);llvm::BasicBlock::getModule() const;Defined DefinedKind
lib/libLLVMCore.a(Instruction.cpp.o);lib/libLLVMCore.a(BasicBlock.cpp.o);llvm::BasicBlock::renumberInstructions();Defined DefinedKind
lib/libLLVMCore.a(Instruction.cpp.o);lib/libLLVMCore.a(Constants.cpp.o);llvm::UndefValue::get(llvm::Type*);Defined DefinedKind
lib/libLLVMCore.a(Instruction.cpp.o);lib/libLLVMCore.a(Instructions.cpp.o);llvm::CallBrInst::updateArgBlockAddresses(unsigned int, llvm::BasicBlock*);Defined DefinedKind
lib/libLLVMCore.a(Instruction.cpp.o);lib/libLLVMCore.a(Instructions.cpp.o);llvm::GetElementPtrInst::setIsInBounds(bool);Defined DefinedKind
lib/libLLVMCore.a(Instruction.cpp.o);lib/libLLVMCore.a(Instructions.cpp.o);llvm::GetElementPtrInst::isInBounds() const;Defined DefinedKind
lib/libLLVMCore.a(Instruction.cpp.o);lib/libLLVMCore.a(Instructions.cpp.o);llvm::CallBase::hasReadingOperandBundles() const;Defined DefinedKind
lib/libLLVMCore.a(Instruction.cpp.o);lib/libLLVMCore.a(Instructions.cpp.o);llvm::CallBase::hasFnAttrOnCalledFunction(llvm::Attribute::AttrKind) const;Defined DefinedKind
lib/libLLVMCore.a(Instruction.cpp.o);lib/libLLVMCore.a(Metadata.cpp.o);llvm::MDTuple::getImpl(llvm::LLVMContext&, llvm::ArrayRef<llvm::Metadata*>, llvm::Metadata::StorageType, bool);Defined DefinedKind
lib/libLLVMCore.a(Instruction.cpp.o);lib/libLLVMCore.a(Metadata.cpp.o);llvm::MetadataTracking::retrack(void*, llvm::Metadata&, void*);Defined DefinedKind
lib/libLLVMCore.a(Instruction.cpp.o);lib/libLLVMCore.a(Metadata.cpp.o);llvm::Instruction::setMetadata(unsigned int, llvm::MDNode*);Defined DefinedKind
lib/libLLVMCore.a(Instruction.cpp.o);lib/libLLVMCore.a(Metadata.cpp.o);llvm::Value::getAllMetadata(llvm::SmallVectorImpl<std::pair<unsigned int, llvm::MDNode*> >&) const;Defined DefinedKind
lib/libLLVMCore.a(Instruction.cpp.o);lib/libLLVMCore.a(Metadata.cpp.o);llvm::MetadataTracking::track(void*, llvm::Metadata&, llvm::PointerUnion<llvm::MetadataAsValue*, llvm::Metadata*>);Defined DefinedKind
lib/libLLVMCore.a(Instruction.cpp.o);lib/libLLVMCore.a(Metadata.cpp.o);llvm::MDString::getString() const;Defined DefinedKind
lib/libLLVMCore.a(Instruction.cpp.o);lib/libLLVMCore.a(Metadata.cpp.o);llvm::Instruction::getMetadataImpl(unsigned int) const;Defined DefinedKind
lib/libLLVMCore.a(Instruction.cpp.o);lib/libLLVMCore.a(Metadata.cpp.o);llvm::ValueAsMetadata::handleRAUW(llvm::Value*, llvm::Value*);Defined DefinedKind
lib/libLLVMCore.a(Instruction.cpp.o);lib/libLLVMCore.a(Metadata.cpp.o);llvm::MetadataTracking::untrack(void*, llvm::Metadata&);Defined DefinedKind
lib/libLLVMCore.a(Instruction.cpp.o);lib/libLLVMCore.a(User.cpp.o);llvm::User::getDescriptor();Defined DefinedKind
lib/libLLVMCore.a(Instruction.cpp.o);lib/libLLVMCore.a(Value.cpp.o);llvm::Value::deleteValue();Defined DefinedKind
lib/libLLVMCore.a(Instruction.cpp.o);lib/libLLVMCore.a(Value.cpp.o);llvm::Value::~Value();Defined DefinedKind
lib/libLLVMCore.a(Instruction.cpp.o);lib/libLLVMCore.a(Value.cpp.o);llvm::Value::Value(llvm::Type*, unsigned int);Defined DefinedKind
lib/libLLVMCore.a(Instructions.cpp.o);lib/libLLVMSupport.a(APInt.cpp.o);llvm::APInt::countLeadingZerosSlowCase() const;Defined DefinedKind
lib/libLLVMCore.a(Instructions.cpp.o);lib/libLLVMSupport.a(APInt.cpp.o);llvm::APInt::udiv(llvm::APInt const&) const;Defined DefinedKind
lib/libLLVMCore.a(Instructions.cpp.o);lib/libLLVMSupport.a(APInt.cpp.o);llvm::APInt::operator*=(llvm::APInt const&);Defined DefinedKind
lib/libLLVMCore.a(Instructions.cpp.o);lib/libLLVMSupport.a(APInt.cpp.o);llvm::APInt::initSlowCase(unsigned long, bool);Defined DefinedKind
lib/libLLVMCore.a(Instructions.cpp.o);lib/libLLVMSupport.a(TypeSize.cpp.o);llvm::TypeSize::operator unsigned long() const;Defined DefinedKind
lib/libLLVMCore.a(Instructions.cpp.o);lib/libLLVMCore.a(Attributes.cpp.o);llvm::AttributeList::hasFnAttribute(llvm::StringRef) const;Defined DefinedKind
lib/libLLVMCore.a(Instructions.cpp.o);lib/libLLVMCore.a(Attributes.cpp.o);llvm::AttributeList::hasFnAttribute(llvm::Attribute::AttrKind) const;Defined DefinedKind
lib/libLLVMCore.a(Instructions.cpp.o);lib/libLLVMCore.a(Attributes.cpp.o);llvm::AttributeList::hasParamAttribute(unsigned int, llvm::Attribute::AttrKind) const;Defined DefinedKind
lib/libLLVMCore.a(Instructions.cpp.o);lib/libLLVMCore.a(Attributes.cpp.o);llvm::AttributeList::hasAttrSomewhere(llvm::Attribute::AttrKind, unsigned int*) const;Defined DefinedKind
lib/libLLVMCore.a(Instructions.cpp.o);lib/libLLVMCore.a(BasicBlock.cpp.o);llvm::BasicBlock::getFirstNonPHI() const;Defined DefinedKind
lib/libLLVMCore.a(Instructions.cpp.o);lib/libLLVMCore.a(BasicBlock.cpp.o);llvm::BasicBlock::getModule() const;Defined DefinedKind
lib/libLLVMCore.a(Instructions.cpp.o);lib/libLLVMCore.a(BasicBlock.cpp.o);llvm::BasicBlock::getContext() const;Defined DefinedKind
lib/libLLVMCore.a(Instructions.cpp.o);lib/libLLVMCore.a(Constants.cpp.o);llvm::Constant::getAllOnesValue(llvm::Type*);Defined DefinedKind
lib/libLLVMCore.a(Instructions.cpp.o);lib/libLLVMCore.a(Constants.cpp.o);llvm::ConstantExpr::getIntegerCast(llvm::Constant*, llvm::Type*, bool);Defined DefinedKind
lib/libLLVMCore.a(Instructions.cpp.o);lib/libLLVMCore.a(Constants.cpp.o);llvm::BlockAddress::get(llvm::BasicBlock*);Defined DefinedKind
lib/libLLVMCore.a(Instructions.cpp.o);lib/libLLVMCore.a(Constants.cpp.o);llvm::ConstantInt::get(llvm::IntegerType*, unsigned long, bool);Defined DefinedKind
lib/libLLVMCore.a(Instructions.cpp.o);lib/libLLVMCore.a(Constants.cpp.o);llvm::ConstantFP::getZeroValueForNegation(llvm::Type*);Defined DefinedKind
lib/libLLVMCore.a(Instructions.cpp.o);lib/libLLVMCore.a(Constants.cpp.o);llvm::Constant::getNullValue(llvm::Type*);Defined DefinedKind
lib/libLLVMCore.a(Instructions.cpp.o);lib/libLLVMCore.a(Constants.cpp.o);llvm::ConstantVector::get(llvm::ArrayRef<llvm::Constant*>);Defined DefinedKind
lib/libLLVMCore.a(Instructions.cpp.o);lib/libLLVMCore.a(Constants.cpp.o);llvm::ConstantInt::get(llvm::Type*, unsigned long, bool);Defined DefinedKind
lib/libLLVMCore.a(Instructions.cpp.o);lib/libLLVMCore.a(Constants.cpp.o);llvm::Constant::getAggregateElement(unsigned int) const;Defined DefinedKind
lib/libLLVMCore.a(Instructions.cpp.o);lib/libLLVMCore.a(Constants.cpp.o);llvm::ConstantDataSequential::getElementAsInteger(unsigned int) const;Defined DefinedKind
lib/libLLVMCore.a(Instructions.cpp.o);lib/libLLVMCore.a(Constants.cpp.o);llvm::ConstantExpr::getMul(llvm::Constant*, llvm::Constant*, bool, bool);Defined DefinedKind
lib/libLLVMCore.a(Instructions.cpp.o);lib/libLLVMCore.a(Constants.cpp.o);llvm::UndefValue::get(llvm::Type*);Defined DefinedKind
lib/libLLVMCore.a(Instructions.cpp.o);lib/libLLVMCore.a(DataLayout.cpp.o);llvm::DataLayout::getIntPtrType(llvm::Type*) const;Defined DefinedKind
lib/libLLVMCore.a(Instructions.cpp.o);lib/libLLVMCore.a(DataLayout.cpp.o);llvm::DataLayout::getPointerSize(unsigned int) const;Defined DefinedKind
lib/libLLVMCore.a(Instructions.cpp.o);lib/libLLVMCore.a(DataLayout.cpp.o);llvm::DataLayout::getStructLayout(llvm::StructType*) const;Defined DefinedKind
lib/libLLVMCore.a(Instructions.cpp.o);lib/libLLVMCore.a(DataLayout.cpp.o);llvm::DataLayout::getABITypeAlignment(llvm::Type*) const;Defined DefinedKind
lib/libLLVMCore.a(Instructions.cpp.o);lib/libLLVMCore.a(DataLayout.cpp.o);llvm::DataLayout::getABITypeAlign(llvm::Type*) const;Defined DefinedKind
lib/libLLVMCore.a(Instructions.cpp.o);lib/libLLVMCore.a(DataLayout.cpp.o);llvm::DataLayout::getPrefTypeAlign(llvm::Type*) const;Defined DefinedKind
lib/libLLVMCore.a(Instructions.cpp.o);lib/libLLVMCore.a(Function.cpp.o);llvm::NullPointerIsDefined(llvm::Function const*, unsigned int);Defined DefinedKind
lib/libLLVMCore.a(Instructions.cpp.o);lib/libLLVMCore.a(Instruction.cpp.o);llvm::Instruction::copyIRFlags(llvm::Value const*, bool);Defined DefinedKind
lib/libLLVMCore.a(Instructions.cpp.o);lib/libLLVMCore.a(Instruction.cpp.o);llvm::Instruction::Instruction(llvm::Type*, unsigned int, llvm::Use*, unsigned int, llvm::Instruction*);Defined DefinedKind
lib/libLLVMCore.a(Instructions.cpp.o);lib/libLLVMCore.a(Instruction.cpp.o);llvm::Instruction::setHasNoSignedWrap(bool);Defined DefinedKind
lib/libLLVMCore.a(Instructions.cpp.o);lib/libLLVMCore.a(Instruction.cpp.o);llvm::Instruction::eraseFromParent();Defined DefinedKind
lib/libLLVMCore.a(Instructions.cpp.o);lib/libLLVMCore.a(Instruction.cpp.o);llvm::Instruction::setHasNoUnsignedWrap(bool);Defined DefinedKind
lib/libLLVMCore.a(Instructions.cpp.o);lib/libLLVMCore.a(LLVMContextImpl.cpp.o);llvm::LLVMContextImpl::getOrInsertBundleTag(llvm::StringRef);Defined DefinedKind
lib/libLLVMCore.a(Instructions.cpp.o);lib/libLLVMCore.a(Metadata.cpp.o);llvm::MDString::getString() const;Defined DefinedKind
lib/libLLVMCore.a(Instructions.cpp.o);lib/libLLVMCore.a(Metadata.cpp.o);llvm::MetadataTracking::retrack(void*, llvm::Metadata&, void*);Defined DefinedKind
lib/libLLVMCore.a(Instructions.cpp.o);lib/libLLVMCore.a(Metadata.cpp.o);llvm::MDTuple::getImpl(llvm::LLVMContext&, llvm::ArrayRef<llvm::Metadata*>, llvm::Metadata::StorageType, bool);Defined DefinedKind
lib/libLLVMCore.a(Instructions.cpp.o);lib/libLLVMCore.a(Metadata.cpp.o);llvm::MetadataTracking::untrack(void*, llvm::Metadata&);Defined DefinedKind
lib/libLLVMCore.a(Instructions.cpp.o);lib/libLLVMCore.a(Metadata.cpp.o);llvm::MetadataTracking::track(void*, llvm::Metadata&, llvm::PointerUnion<llvm::MetadataAsValue*, llvm::Metadata*>);Defined DefinedKind
lib/libLLVMCore.a(Instructions.cpp.o);lib/libLLVMCore.a(Metadata.cpp.o);llvm::Instruction::setMetadata(unsigned int, llvm::MDNode*);Defined DefinedKind
lib/libLLVMCore.a(Instructions.cpp.o);lib/libLLVMCore.a(Metadata.cpp.o);llvm::Instruction::getMetadataImpl(unsigned int) const;Defined DefinedKind
lib/libLLVMCore.a(Instructions.cpp.o);lib/libLLVMCore.a(Module.cpp.o);llvm::Module::getDataLayout() const;Defined DefinedKind
lib/libLLVMCore.a(Instructions.cpp.o);lib/libLLVMCore.a(Type.cpp.o);llvm::Type::getVoidTy(llvm::LLVMContext&);Defined DefinedKind
lib/libLLVMCore.a(Instructions.cpp.o);lib/libLLVMCore.a(Type.cpp.o);llvm::Type::getInt64Ty(llvm::LLVMContext&);Defined DefinedKind
lib/libLLVMCore.a(Instructions.cpp.o);lib/libLLVMCore.a(Type.cpp.o);llvm::Type::getInt1Ty(llvm::LLVMContext&);Defined DefinedKind
lib/libLLVMCore.a(Instructions.cpp.o);lib/libLLVMCore.a(Type.cpp.o);llvm::Type::getPrimitiveSizeInBits() const;Defined DefinedKind
lib/libLLVMCore.a(Instructions.cpp.o);lib/libLLVMCore.a(Type.cpp.o);llvm::Type::isIntegerTy(unsigned int) const;Defined DefinedKind
lib/libLLVMCore.a(Instructions.cpp.o);lib/libLLVMCore.a(Type.cpp.o);llvm::Type::getScalarSizeInBits() const;Defined DefinedKind
lib/libLLVMCore.a(Instructions.cpp.o);lib/libLLVMCore.a(Type.cpp.o);llvm::Type::getInt8PtrTy(llvm::LLVMContext&, unsigned int);Defined DefinedKind
lib/libLLVMCore.a(Instructions.cpp.o);lib/libLLVMCore.a(Type.cpp.o);llvm::FunctionType::get(llvm::Type*, llvm::ArrayRef<llvm::Type*>, bool);Defined DefinedKind
lib/libLLVMCore.a(Instructions.cpp.o);lib/libLLVMCore.a(Type.cpp.o);llvm::Type::getInt32Ty(llvm::LLVMContext&);Defined DefinedKind
lib/libLLVMCore.a(Instructions.cpp.o);lib/libLLVMCore.a(Type.cpp.o);llvm::PointerType::get(llvm::Type*, unsigned int);Defined DefinedKind
lib/libLLVMCore.a(Instructions.cpp.o);lib/libLLVMCore.a(Type.cpp.o);llvm::StructType::get(llvm::LLVMContext&, llvm::ArrayRef<llvm::Type*>, bool);Defined DefinedKind
lib/libLLVMCore.a(Instructions.cpp.o);lib/libLLVMCore.a(Type.cpp.o);llvm::VectorType::get(llvm::Type*, llvm::ElementCount);Defined DefinedKind
lib/libLLVMCore.a(Instructions.cpp.o);lib/libLLVMCore.a(Type.cpp.o);llvm::StructType::indexValid(llvm::Value const*) const;Defined DefinedKind
lib/libLLVMCore.a(Instructions.cpp.o);lib/libLLVMCore.a(Type.cpp.o);llvm::StructType::getTypeAtIndex(llvm::Value const*) const;Defined DefinedKind
lib/libLLVMCore.a(Instructions.cpp.o);lib/libLLVMCore.a(User.cpp.o);llvm::User::operator new(unsigned long, unsigned int);Defined DefinedKind
lib/libLLVMCore.a(Instructions.cpp.o);lib/libLLVMCore.a(User.cpp.o);llvm::User::operator new(unsigned long, unsigned int, unsigned int);Defined DefinedKind
lib/libLLVMCore.a(Instructions.cpp.o);lib/libLLVMCore.a(User.cpp.o);llvm::User::getDescriptor();Defined DefinedKind
lib/libLLVMCore.a(Instructions.cpp.o);lib/libLLVMCore.a(User.cpp.o);llvm::User::operator new(unsigned long);Defined DefinedKind
lib/libLLVMCore.a(Instructions.cpp.o);lib/libLLVMCore.a(User.cpp.o);llvm::User::growHungoffUses(unsigned int, bool);Defined DefinedKind
lib/libLLVMCore.a(Instructions.cpp.o);lib/libLLVMCore.a(User.cpp.o);llvm::User::allocHungoffUses(unsigned int, bool);Defined DefinedKind
lib/libLLVMCore.a(Instructions.cpp.o);lib/libLLVMCore.a(Value.cpp.o);llvm::Value::getName() const;Defined DefinedKind
lib/libLLVMCore.a(Instructions.cpp.o);lib/libLLVMCore.a(Value.cpp.o);llvm::Value::setName(llvm::Twine const&);Defined DefinedKind
lib/libLLVMCore.a(Instructions.cpp.o);lib/libLLVMCore.a(Value.cpp.o);llvm::Value::replaceAllUsesWith(llvm::Value*);Defined DefinedKind
lib/libLLVMCore.a(Instructions.cpp.o);lib/libLLVMCore.a(Value.cpp.o);llvm::Value::getContext() const;Defined DefinedKind
lib/libLLVMCore.a(IntrinsicInst.cpp.o);lib/libLLVMSupport.a(APInt.cpp.o);llvm::APInt::zext(unsigned int) const;Defined DefinedKind
lib/libLLVMCore.a(IntrinsicInst.cpp.o);lib/libLLVMSupport.a(APInt.cpp.o);llvm::APInt::countLeadingZerosSlowCase() const;Defined DefinedKind
lib/libLLVMCore.a(IntrinsicInst.cpp.o);lib/libLLVMSupport.a(APInt.cpp.o);llvm::APInt::EqualSlowCase(llvm::APInt const&) const;Defined DefinedKind
lib/libLLVMCore.a(IntrinsicInst.cpp.o);lib/libLLVMCore.a(BasicBlock.cpp.o);llvm::BasicBlock::getTerminator() const;Defined DefinedKind
lib/libLLVMCore.a(IntrinsicInst.cpp.o);lib/libLLVMCore.a(BasicBlock.cpp.o);llvm::BasicBlock::getUniquePredecessor() const;Defined DefinedKind
lib/libLLVMCore.a(IntrinsicInst.cpp.o);lib/libLLVMCore.a(Constants.cpp.o);llvm::Constant::isNullValue() const;Defined DefinedKind
lib/libLLVMCore.a(IntrinsicInst.cpp.o);lib/libLLVMCore.a(Constants.cpp.o);llvm::ConstantInt::get(llvm::IntegerType*, unsigned long, bool);Defined DefinedKind
lib/libLLVMCore.a(IntrinsicInst.cpp.o);lib/libLLVMCore.a(Constants.cpp.o);llvm::Constant::getSplatValue(bool) const;Defined DefinedKind
lib/libLLVMCore.a(IntrinsicInst.cpp.o);lib/libLLVMCore.a(Constants.cpp.o);llvm::Constant::getAggregateElement(unsigned int) const;Defined DefinedKind
lib/libLLVMCore.a(IntrinsicInst.cpp.o);lib/libLLVMCore.a(DataLayout.cpp.o);llvm::DataLayout::getPointerSize(unsigned int) const;Defined DefinedKind
lib/libLLVMCore.a(IntrinsicInst.cpp.o);lib/libLLVMCore.a(DataLayout.cpp.o);llvm::DataLayout::getABITypeAlignment(llvm::Type*) const;Defined DefinedKind
lib/libLLVMCore.a(IntrinsicInst.cpp.o);lib/libLLVMCore.a(DataLayout.cpp.o);llvm::DataLayout::getStructLayout(llvm::StructType*) const;Defined DefinedKind
lib/libLLVMCore.a(IntrinsicInst.cpp.o);lib/libLLVMCore.a(DebugInfoMetadata.cpp.o);llvm::DIExpression::getFragmentInfo(llvm::DIExpression::expr_op_iterator, llvm::DIExpression::expr_op_iterator);Defined DefinedKind
lib/libLLVMCore.a(IntrinsicInst.cpp.o);lib/libLLVMCore.a(DebugInfoMetadata.cpp.o);llvm::DIVariable::getSizeInBits() const;Defined DefinedKind
lib/libLLVMCore.a(IntrinsicInst.cpp.o);lib/libLLVMCore.a(DebugInfoMetadata.cpp.o);llvm::DIArgList::getImpl(llvm::LLVMContext&, llvm::ArrayRef<llvm::ValueAsMetadata*>, llvm::Metadata::StorageType, bool);Defined DefinedKind
lib/libLLVMCore.a(IntrinsicInst.cpp.o);lib/libLLVMCore.a(Function.cpp.o);llvm::Intrinsic::getDeclaration(llvm::Module*, unsigned int, llvm::ArrayRef<llvm::Type*>);Defined DefinedKind
lib/libLLVMCore.a(IntrinsicInst.cpp.o);lib/libLLVMCore.a(FPEnv.cpp.o);llvm::StrToRoundingMode(llvm::StringRef);Defined DefinedKind
lib/libLLVMCore.a(IntrinsicInst.cpp.o);lib/libLLVMCore.a(FPEnv.cpp.o);llvm::StrToExceptionBehavior(llvm::StringRef);Defined DefinedKind
lib/libLLVMCore.a(IntrinsicInst.cpp.o);lib/libLLVMCore.a(Instruction.cpp.o);llvm::Instruction::getModule() const;Defined DefinedKind
lib/libLLVMCore.a(IntrinsicInst.cpp.o);lib/libLLVMCore.a(Instructions.cpp.o);llvm::CallBase::getNumSubclassExtraOperandsDynamic() const;Defined DefinedKind
lib/libLLVMCore.a(IntrinsicInst.cpp.o);lib/libLLVMCore.a(Metadata.cpp.o);llvm::MDString::getString() const;Defined DefinedKind
lib/libLLVMCore.a(IntrinsicInst.cpp.o);lib/libLLVMCore.a(Metadata.cpp.o);llvm::MetadataAsValue::get(llvm::LLVMContext&, llvm::Metadata*);Defined DefinedKind
lib/libLLVMCore.a(IntrinsicInst.cpp.o);lib/libLLVMCore.a(Metadata.cpp.o);llvm::ValueAsMetadata::get(llvm::Value*);Defined DefinedKind
lib/libLLVMCore.a(IntrinsicInst.cpp.o);lib/libLLVMCore.a(Module.cpp.o);llvm::Module::getDataLayout() const;Defined DefinedKind
lib/libLLVMCore.a(IntrinsicInst.cpp.o);lib/libLLVMCore.a(Type.cpp.o);llvm::Type::getInt64Ty(llvm::LLVMContext&);Defined DefinedKind
lib/libLLVMCore.a(IntrinsicInst.cpp.o);lib/libLLVMCore.a(User.cpp.o);llvm::User::getDescriptor();Defined DefinedKind
lib/libLLVMCore.a(IntrinsicInst.cpp.o);lib/libLLVMCore.a(Value.cpp.o);llvm::Value::getContext() const;Defined DefinedKind
lib/libLLVMCore.a(LLVMContext.cpp.o);lib/libLLVMSupport.a(MemAlloc.cpp.o);llvm::allocate_buffer(unsigned long, unsigned long);Defined DefinedKind
lib/libLLVMCore.a(LLVMContext.cpp.o);lib/libLLVMSupport.a(MemAlloc.cpp.o);llvm::deallocate_buffer(void*, unsigned long, unsigned long);Defined DefinedKind
lib/libLLVMCore.a(LLVMContext.cpp.o);lib/libLLVMSupport.a(SmallPtrSet.cpp.o);llvm::SmallPtrSetImplBase::insert_imp_big(void const*);Defined DefinedKind
lib/libLLVMCore.a(LLVMContext.cpp.o);lib/libLLVMSupport.a(SmallPtrSet.cpp.o);llvm::SmallPtrSetImplBase::FindBucketFor(void const*) const;Defined DefinedKind
lib/libLLVMCore.a(LLVMContext.cpp.o);lib/libLLVMSupport.a(StringMap.cpp.o);llvm::StringMapImpl::LookupBucketFor(llvm::StringRef);Defined DefinedKind
lib/libLLVMCore.a(LLVMContext.cpp.o);lib/libLLVMSupport.a(StringMap.cpp.o);llvm::StringMapImpl::RehashTable(unsigned int);Defined DefinedKind
lib/libLLVMCore.a(LLVMContext.cpp.o);lib/libLLVMSupport.a(raw_ostream.cpp.o);llvm::errs();Defined DefinedKind
lib/libLLVMCore.a(LLVMContext.cpp.o);lib/libLLVMSupport.a(raw_ostream.cpp.o);llvm::raw_ostream::write(char const*, unsigned long);Defined DefinedKind
lib/libLLVMCore.a(LLVMContext.cpp.o);lib/libLLVMSupport.a(Regex.cpp.o);llvm::Regex::~Regex();Defined DefinedKind
lib/libLLVMCore.a(LLVMContext.cpp.o);lib/libLLVMCore.a(LLVMContextImpl.cpp.o);llvm::LLVMContextImpl::getOrInsertBundleTag(llvm::StringRef);Defined DefinedKind
lib/libLLVMCore.a(LLVMContext.cpp.o);lib/libLLVMCore.a(LLVMContextImpl.cpp.o);llvm::LLVMContextImpl::getOrInsertSyncScopeID(llvm::StringRef);Defined DefinedKind
lib/libLLVMCore.a(LLVMContext.cpp.o);lib/libLLVMCore.a(LLVMContextImpl.cpp.o);llvm::LLVMContextImpl::getSyncScopeNames(llvm::SmallVectorImpl<llvm::StringRef>&) const;Defined DefinedKind
lib/libLLVMCore.a(LLVMContext.cpp.o);lib/libLLVMCore.a(LLVMRemarkStreamer.cpp.o);llvm::LLVMRemarkStreamer::emit(llvm::DiagnosticInfoOptimizationBase const&);Defined DefinedKind
lib/libLLVMCore.a(DiagnosticPrinter.cpp.o);lib/libLLVMSupport.a(SourceMgr.cpp.o);llvm::SMDiagnostic::print(char const*, llvm::raw_ostream&, bool, bool) const;Defined DefinedKind
lib/libLLVMCore.a(DiagnosticPrinter.cpp.o);lib/libLLVMSupport.a(Twine.cpp.o);llvm::Twine::print(llvm::raw_ostream&) const;Defined DefinedKind
lib/libLLVMCore.a(DiagnosticPrinter.cpp.o);lib/libLLVMSupport.a(raw_ostream.cpp.o);llvm::raw_ostream::write(unsigned char);Defined DefinedKind
lib/libLLVMCore.a(DiagnosticPrinter.cpp.o);lib/libLLVMSupport.a(raw_ostream.cpp.o);llvm::raw_ostream::write(char const*, unsigned long);Defined DefinedKind
lib/libLLVMCore.a(DiagnosticPrinter.cpp.o);lib/libLLVMSupport.a(raw_ostream.cpp.o);llvm::raw_ostream::operator<<(unsigned long);Defined DefinedKind
lib/libLLVMCore.a(DiagnosticPrinter.cpp.o);lib/libLLVMSupport.a(raw_ostream.cpp.o);llvm::raw_ostream::operator<<(long);Defined DefinedKind
lib/libLLVMCore.a(DiagnosticPrinter.cpp.o);lib/libLLVMSupport.a(raw_ostream.cpp.o);llvm::raw_ostream::operator<<(unsigned long long);Defined DefinedKind
lib/libLLVMCore.a(DiagnosticPrinter.cpp.o);lib/libLLVMSupport.a(raw_ostream.cpp.o);llvm::raw_ostream::operator<<(long long);Defined DefinedKind
lib/libLLVMCore.a(DiagnosticPrinter.cpp.o);lib/libLLVMSupport.a(raw_ostream.cpp.o);llvm::raw_ostream::operator<<(void const*);Defined DefinedKind
lib/libLLVMCore.a(DiagnosticPrinter.cpp.o);lib/libLLVMSupport.a(raw_ostream.cpp.o);llvm::raw_ostream::operator<<(double);Defined DefinedKind
lib/libLLVMCore.a(DiagnosticPrinter.cpp.o);lib/libLLVMCore.a(Value.cpp.o);llvm::Value::getName() const;Defined DefinedKind
lib/libLLVMCore.a(LLVMContextImpl.cpp.o);lib/libLLVMSupport.a(ManagedStatic.cpp.o);llvm::ManagedStaticBase::RegisterManagedStatic(void* (*)(), void (*)(void*)) const;Defined DefinedKind
lib/libLLVMCore.a(LLVMContextImpl.cpp.o);lib/libLLVMSupport.a(MemAlloc.cpp.o);llvm::deallocate_buffer(void*, unsigned long, unsigned long);Defined DefinedKind
lib/libLLVMCore.a(LLVMContextImpl.cpp.o);lib/libLLVMSupport.a(MemAlloc.cpp.o);llvm::allocate_buffer(unsigned long, unsigned long);Defined DefinedKind
lib/libLLVMCore.a(LLVMContextImpl.cpp.o);lib/libLLVMSupport.a(StringMap.cpp.o);llvm::StringMapImpl::RehashTable(unsigned int);Defined DefinedKind
lib/libLLVMCore.a(LLVMContextImpl.cpp.o);lib/libLLVMSupport.a(StringMap.cpp.o);llvm::StringMapImpl::LookupBucketFor(llvm::StringRef);Defined DefinedKind
lib/libLLVMCore.a(LLVMContextImpl.cpp.o);lib/libLLVMSupport.a(StringMap.cpp.o);llvm::StringMapImpl::FindKey(llvm::StringRef) const;Defined DefinedKind
lib/libLLVMCore.a(LLVMContextImpl.cpp.o);lib/libLLVMSupport.a(StringRef.cpp.o);llvm::hashing::detail::get_execution_seed()::seed;Defined DefinedKind
lib/libLLVMCore.a(LLVMContextImpl.cpp.o);lib/libLLVMSupport.a(StringRef.cpp.o);guard variable for llvm::hashing::detail::get_execution_seed()::seed;Defined DefinedKind
lib/libLLVMCore.a(LLVMContextImpl.cpp.o);lib/libLLVMSupport.a(APFloat.cpp.o);llvm::detail::IEEEFloat::~IEEEFloat();Defined DefinedKind
lib/libLLVMCore.a(LLVMContextImpl.cpp.o);lib/libLLVMSupport.a(APFloat.cpp.o);llvm::detail::DoubleAPFloat::operator=(llvm::detail::DoubleAPFloat const&);Defined DefinedKind
lib/libLLVMCore.a(LLVMContextImpl.cpp.o);lib/libLLVMSupport.a(APFloat.cpp.o);llvm::detail::DoubleAPFloat::DoubleAPFloat(llvm::fltSemantics const&, unsigned long);Defined DefinedKind
lib/libLLVMCore.a(LLVMContextImpl.cpp.o);lib/libLLVMSupport.a(APFloat.cpp.o);llvm::detail::DoubleAPFloat::bitwiseIsEqual(llvm::detail::DoubleAPFloat const&) const;Defined DefinedKind
lib/libLLVMCore.a(LLVMContextImpl.cpp.o);lib/libLLVMSupport.a(APFloat.cpp.o);llvm::detail::IEEEFloat::IEEEFloat(llvm::detail::IEEEFloat const&);Defined DefinedKind
lib/libLLVMCore.a(LLVMContextImpl.cpp.o);lib/libLLVMSupport.a(APFloat.cpp.o);llvm::detail::DoubleAPFloat::DoubleAPFloat(llvm::detail::DoubleAPFloat const&);Defined DefinedKind
lib/libLLVMCore.a(LLVMContextImpl.cpp.o);lib/libLLVMSupport.a(APFloat.cpp.o);llvm::detail::IEEEFloat::operator=(llvm::detail::IEEEFloat const&);Defined DefinedKind
lib/libLLVMCore.a(LLVMContextImpl.cpp.o);lib/libLLVMSupport.a(APFloat.cpp.o);llvm::APFloatBase::PPCDoubleDouble();Defined DefinedKind
lib/libLLVMCore.a(LLVMContextImpl.cpp.o);lib/libLLVMSupport.a(APFloat.cpp.o);llvm::APFloatBase::Bogus();Defined DefinedKind
lib/libLLVMCore.a(LLVMContextImpl.cpp.o);lib/libLLVMSupport.a(APFloat.cpp.o);llvm::detail::IEEEFloat::IEEEFloat(llvm::fltSemantics const&, unsigned long);Defined DefinedKind
lib/libLLVMCore.a(LLVMContextImpl.cpp.o);lib/libLLVMSupport.a(APFloat.cpp.o);llvm::detail::IEEEFloat::bitwiseIsEqual(llvm::detail::IEEEFloat const&) const;Defined DefinedKind
lib/libLLVMCore.a(LLVMContextImpl.cpp.o);lib/libLLVMSupport.a(APInt.cpp.o);llvm::APInt::initSlowCase(llvm::APInt const&);Defined DefinedKind
lib/libLLVMCore.a(LLVMContextImpl.cpp.o);lib/libLLVMSupport.a(APInt.cpp.o);llvm::APInt::EqualSlowCase(llvm::APInt const&) const;Defined DefinedKind
lib/libLLVMCore.a(LLVMContextImpl.cpp.o);lib/libLLVMSupport.a(APInt.cpp.o);llvm::APInt::AssignSlowCase(llvm::APInt const&);Defined DefinedKind
lib/libLLVMCore.a(LLVMContextImpl.cpp.o);lib/libLLVMSupport.a(Hashing.cpp.o);llvm::hashing::detail::fixed_seed_override;Defined DefinedKind
lib/libLLVMCore.a(LLVMContextImpl.cpp.o);lib/libLLVMSupport.a(Regex.cpp.o);llvm::Regex::~Regex();Defined DefinedKind
lib/libLLVMCore.a(LLVMContextImpl.cpp.o);lib/libLLVMCore.a(Constants.cpp.o);llvm::Constant::destroyConstant();Defined DefinedKind
lib/libLLVMCore.a(LLVMContextImpl.cpp.o);lib/libLLVMCore.a(Constants.cpp.o);llvm::deleteConstant(llvm::Constant*);Defined DefinedKind
lib/libLLVMCore.a(LLVMContextImpl.cpp.o);lib/libLLVMCore.a(DebugInfoMetadata.cpp.o);llvm::DIArgList::untrack();Defined DefinedKind
lib/libLLVMCore.a(LLVMContextImpl.cpp.o);lib/libLLVMCore.a(Metadata.cpp.o);llvm::MDNode::dropAllReferences();Defined DefinedKind
lib/libLLVMCore.a(LLVMContextImpl.cpp.o);lib/libLLVMCore.a(Metadata.cpp.o);llvm::MDNode::deleteAsSubclass();Defined DefinedKind
lib/libLLVMCore.a(LLVMContextImpl.cpp.o);lib/libLLVMCore.a(Metadata.cpp.o);llvm::MDNode::operator delete(void*);Defined DefinedKind
lib/libLLVMCore.a(LLVMContextImpl.cpp.o);lib/libLLVMCore.a(Metadata.cpp.o);llvm::MetadataAsValue::~MetadataAsValue();Defined DefinedKind
lib/libLLVMCore.a(LLVMContextImpl.cpp.o);lib/libLLVMCore.a(Metadata.cpp.o);llvm::MetadataTracking::untrack(void*, llvm::Metadata&);Defined DefinedKind
lib/libLLVMCore.a(LLVMContextImpl.cpp.o);lib/libLLVMCore.a(Module.cpp.o);llvm::Module::~Module();Defined DefinedKind
lib/libLLVMCore.a(LLVMContextImpl.cpp.o);lib/libLLVMCore.a(User.cpp.o);llvm::User::operator delete(void*);Defined DefinedKind
lib/libLLVMCore.a(LLVMContextImpl.cpp.o);lib/libLLVMCore.a(Value.cpp.o);llvm::Value::~Value();Defined DefinedKind
lib/libLLVMCore.a(DiagnosticHandler.cpp.o);lib/libLLVMSupport.a(BinaryStreamRef.cpp.o);std::_Sp_make_shared_tag::_S_ti()::__tag;Defined DefinedKind
lib/libLLVMCore.a(DiagnosticHandler.cpp.o);lib/libLLVMSupport.a(CommandLine.cpp.o);llvm::cl::Option::error(llvm::Twine const&, llvm::StringRef, llvm::raw_ostream&);Defined DefinedKind
lib/libLLVMCore.a(DiagnosticHandler.cpp.o);lib/libLLVMSupport.a(CommandLine.cpp.o);llvm::cl::Option::addOccurrence(unsigned int, llvm::StringRef, llvm::StringRef, bool);Defined DefinedKind
lib/libLLVMCore.a(DiagnosticHandler.cpp.o);lib/libLLVMSupport.a(CommandLine.cpp.o);llvm::cl::Option::anchor();Defined DefinedKind
lib/libLLVMCore.a(DiagnosticHandler.cpp.o);lib/libLLVMSupport.a(CommandLine.cpp.o);llvm::cl::GenericOptionValue::anchor();Defined DefinedKind
lib/libLLVMCore.a(DiagnosticHandler.cpp.o);lib/libLLVMSupport.a(CommandLine.cpp.o);llvm::cl::Option::addArgument();Defined DefinedKind
lib/libLLVMCore.a(DiagnosticHandler.cpp.o);lib/libLLVMSupport.a(CommandLine.cpp.o);llvm::cl::GeneralCategory;Defined DefinedKind
lib/libLLVMCore.a(DiagnosticHandler.cpp.o);lib/libLLVMSupport.a(CommandLine.cpp.o);llvm::cl::Option::setArgStr(llvm::StringRef);Defined DefinedKind
lib/libLLVMCore.a(DiagnosticHandler.cpp.o);lib/libLLVMSupport.a(CommandLine.cpp.o);llvm::cl::basic_parser_impl::getOptionWidth(llvm::cl::Option const&) const;Defined DefinedKind
lib/libLLVMCore.a(DiagnosticHandler.cpp.o);lib/libLLVMSupport.a(CommandLine.cpp.o);llvm::cl::basic_parser_impl::printOptionInfo(llvm::cl::Option const&, unsigned long) const;Defined DefinedKind
lib/libLLVMCore.a(DiagnosticHandler.cpp.o);lib/libLLVMSupport.a(CommandLine.cpp.o);llvm::cl::basic_parser_impl::printOptionNoValue(llvm::cl::Option const&, unsigned long) const;Defined DefinedKind
lib/libLLVMCore.a(DiagnosticHandler.cpp.o);lib/libLLVMSupport.a(ErrorHandling.cpp.o);llvm::report_fatal_error(std::__cxx11::basic_string<char, std::char_traits<char>, std::allocator<char> > const&, bool);Defined DefinedKind
lib/libLLVMCore.a(DiagnosticHandler.cpp.o);lib/libLLVMSupport.a(raw_ostream.cpp.o);llvm::errs();Defined DefinedKind
lib/libLLVMCore.a(DiagnosticHandler.cpp.o);lib/libLLVMSupport.a(Regex.cpp.o);llvm::Regex::match(llvm::StringRef, llvm::SmallVectorImpl<llvm::StringRef>*, std::__cxx11::basic_string<char, std::char_traits<char>, std::allocator<char> >*) const;Defined DefinedKind
lib/libLLVMCore.a(DiagnosticHandler.cpp.o);lib/libLLVMSupport.a(Regex.cpp.o);llvm::Regex::Regex(llvm::StringRef, llvm::Regex::RegexFlags);Defined DefinedKind
lib/libLLVMCore.a(DiagnosticHandler.cpp.o);lib/libLLVMSupport.a(Regex.cpp.o);llvm::Regex::isValid(std::__cxx11::basic_string<char, std::char_traits<char>, std::allocator<char> >&) const;Defined DefinedKind
lib/libLLVMCore.a(DiagnosticHandler.cpp.o);lib/libLLVMSupport.a(Regex.cpp.o);llvm::Regex::~Regex();Defined DefinedKind
lib/libLLVMCore.a(LLVMRemarkStreamer.cpp.o);lib/libLLVMSupport.a(Error.cpp.o);llvm::ErrorInfoBase::ID;Defined DefinedKind
lib/libLLVMCore.a(LLVMRemarkStreamer.cpp.o);lib/libLLVMSupport.a(Error.cpp.o);llvm::ErrorList::ID;Defined DefinedKind
lib/libLLVMCore.a(LLVMRemarkStreamer.cpp.o);lib/libLLVMSupport.a(Error.cpp.o);llvm::errorCodeToError(std::error_code);Defined DefinedKind
lib/libLLVMCore.a(LLVMRemarkStreamer.cpp.o);lib/libLLVMSupport.a(Error.cpp.o);llvm::ErrorInfoBase::anchor();Defined DefinedKind
lib/libLLVMCore.a(LLVMRemarkStreamer.cpp.o);lib/libLLVMSupport.a(raw_ostream.cpp.o);llvm::raw_ostream::write(char const*, unsigned long);Defined DefinedKind
lib/libLLVMCore.a(LLVMRemarkStreamer.cpp.o);lib/libLLVMSupport.a(raw_ostream.cpp.o);llvm::raw_ostream::SetBufferAndMode(char*, unsigned long, llvm::raw_ostream::BufferKind);Defined DefinedKind
lib/libLLVMCore.a(LLVMRemarkStreamer.cpp.o);lib/libLLVMSupport.a(raw_ostream.cpp.o);llvm::raw_ostream::flush_nonempty();Defined DefinedKind
lib/libLLVMCore.a(LLVMRemarkStreamer.cpp.o);lib/libLLVMSupport.a(raw_ostream.cpp.o);llvm::raw_string_ostream::~raw_string_ostream();Defined DefinedKind
lib/libLLVMCore.a(LLVMRemarkStreamer.cpp.o);lib/libLLVMSupport.a(raw_ostream.cpp.o);llvm::raw_fd_ostream::~raw_fd_ostream();Defined DefinedKind
lib/libLLVMCore.a(LLVMRemarkStreamer.cpp.o);lib/libLLVMSupport.a(Regex.cpp.o);llvm::Regex::~Regex();Defined DefinedKind
lib/libLLVMCore.a(LLVMRemarkStreamer.cpp.o);lib/libLLVMCore.a(DiagnosticInfo.cpp.o);llvm::DiagnosticLocation::getRelativePath() const;Defined DefinedKind
lib/libLLVMCore.a(LLVMRemarkStreamer.cpp.o);lib/libLLVMCore.a(Value.cpp.o);llvm::Value::getName() const;Defined DefinedKind
lib/libLLVMCore.a(LLVMRemarkStreamer.cpp.o);lib/libLLVMRemarks.a(RemarkStreamer.cpp.o);llvm::remarks::RemarkStreamer::matchesFilter(llvm::StringRef);Defined DefinedKind
lib/libLLVMSupport.a(ToolOutputFile.cpp.o);lib/libLLVMSupport.a(raw_ostream.cpp.o);llvm::outs();Defined DefinedKind
lib/libLLVMSupport.a(ToolOutputFile.cpp.o);lib/libLLVMSupport.a(raw_ostream.cpp.o);llvm::raw_fd_ostream::raw_fd_ostream(llvm::StringRef, std::error_code&, llvm::sys::fs::OpenFlags);Defined DefinedKind
lib/libLLVMSupport.a(ToolOutputFile.cpp.o);lib/libLLVMSupport.a(raw_ostream.cpp.o);llvm::raw_fd_ostream::raw_fd_ostream(int, bool, bool, llvm::raw_ostream::OStreamKind);Defined DefinedKind
lib/libLLVMSupport.a(ToolOutputFile.cpp.o);lib/libLLVMSupport.a(Path.cpp.o);llvm::sys::fs::remove(llvm::Twine const&, bool);Defined DefinedKind
lib/libLLVMCore.a(MDBuilder.cpp.o);lib/libLLVMSupport.a(APInt.cpp.o);llvm::APInt::countLeadingZerosSlowCase() const;Defined DefinedKind
lib/libLLVMCore.a(MDBuilder.cpp.o);lib/libLLVMCore.a(Constants.cpp.o);llvm::ConstantFP::get(llvm::Type*, double);Defined DefinedKind
lib/libLLVMCore.a(MDBuilder.cpp.o);lib/libLLVMCore.a(Constants.cpp.o);llvm::ConstantInt::get(llvm::Type*, unsigned long, bool);Defined DefinedKind
lib/libLLVMCore.a(MDBuilder.cpp.o);lib/libLLVMCore.a(Constants.cpp.o);llvm::ConstantInt::get(llvm::Type*, llvm::APInt const&);Defined DefinedKind
lib/libLLVMCore.a(MDBuilder.cpp.o);lib/libLLVMCore.a(Constants.cpp.o);llvm::ConstantInt::get(llvm::IntegerType*, unsigned long, bool);Defined DefinedKind
lib/libLLVMCore.a(MDBuilder.cpp.o);lib/libLLVMCore.a(Metadata.cpp.o);llvm::MDString::get(llvm::LLVMContext&, llvm::StringRef);Defined DefinedKind
lib/libLLVMCore.a(MDBuilder.cpp.o);lib/libLLVMCore.a(Metadata.cpp.o);llvm::ValueAsMetadata::get(llvm::Value*);Defined DefinedKind
lib/libLLVMCore.a(MDBuilder.cpp.o);lib/libLLVMCore.a(Metadata.cpp.o);llvm::MDTuple::getImpl(llvm::LLVMContext&, llvm::ArrayRef<llvm::Metadata*>, llvm::Metadata::StorageType, bool);Defined DefinedKind
lib/libLLVMCore.a(MDBuilder.cpp.o);lib/libLLVMCore.a(Metadata.cpp.o);llvm::MDNode::replaceOperandWith(unsigned int, llvm::Metadata*);Defined DefinedKind
lib/libLLVMCore.a(MDBuilder.cpp.o);lib/libLLVMCore.a(Type.cpp.o);llvm::Type::getFloatTy(llvm::LLVMContext&);Defined DefinedKind
lib/libLLVMCore.a(MDBuilder.cpp.o);lib/libLLVMCore.a(Type.cpp.o);llvm::Type::getInt32Ty(llvm::LLVMContext&);Defined DefinedKind
lib/libLLVMCore.a(MDBuilder.cpp.o);lib/libLLVMCore.a(Type.cpp.o);llvm::IntegerType::get(llvm::LLVMContext&, unsigned int);Defined DefinedKind
lib/libLLVMCore.a(MDBuilder.cpp.o);lib/libLLVMCore.a(Type.cpp.o);llvm::Type::getInt64Ty(llvm::LLVMContext&);Defined DefinedKind
lib/libLLVMCore.a(MDBuilder.cpp.o);lib/libLLVMCore.a(Type.cpp.o);llvm::Type::getInt1Ty(llvm::LLVMContext&);Defined DefinedKind
lib/libLLVMCore.a(MDBuilder.cpp.o);lib/libLLVMCore.a(Value.cpp.o);llvm::Value::getName() const;Defined DefinedKind
lib/libLLVMCore.a(Mangler.cpp.o);lib/libLLVMSupport.a(MemAlloc.cpp.o);llvm::deallocate_buffer(void*, unsigned long, unsigned long);Defined DefinedKind
lib/libLLVMCore.a(Mangler.cpp.o);lib/libLLVMSupport.a(MemAlloc.cpp.o);llvm::allocate_buffer(unsigned long, unsigned long);Defined DefinedKind
lib/libLLVMCore.a(Mangler.cpp.o);lib/libLLVMSupport.a(Twine.cpp.o);llvm::Twine::toVector(llvm::SmallVectorImpl<char>&) const;Defined DefinedKind
lib/libLLVMCore.a(Mangler.cpp.o);lib/libLLVMSupport.a(TypeSize.cpp.o);llvm::TypeSize::operator unsigned long() const;Defined DefinedKind
lib/libLLVMCore.a(Mangler.cpp.o);lib/libLLVMSupport.a(raw_ostream.cpp.o);llvm::raw_ostream::write(char const*, unsigned long);Defined DefinedKind
lib/libLLVMCore.a(Mangler.cpp.o);lib/libLLVMSupport.a(raw_ostream.cpp.o);llvm::raw_string_ostream::~raw_string_ostream();Defined DefinedKind
lib/libLLVMCore.a(Mangler.cpp.o);lib/libLLVMSupport.a(raw_ostream.cpp.o);llvm::raw_ostream::flush_nonempty();Defined DefinedKind
lib/libLLVMCore.a(Mangler.cpp.o);lib/libLLVMSupport.a(raw_ostream.cpp.o);llvm::raw_ostream::operator<<(unsigned long);Defined DefinedKind
lib/libLLVMCore.a(Mangler.cpp.o);lib/libLLVMSupport.a(raw_ostream.cpp.o);llvm::raw_ostream::~raw_ostream();Defined DefinedKind
lib/libLLVMCore.a(Mangler.cpp.o);lib/libLLVMSupport.a(raw_ostream.cpp.o);llvm::raw_ostream::SetBufferAndMode(char*, unsigned long, llvm::raw_ostream::BufferKind);Defined DefinedKind
lib/libLLVMCore.a(Mangler.cpp.o);lib/libLLVMSupport.a(raw_ostream.cpp.o);llvm::raw_ostream::write(unsigned char);Defined DefinedKind
lib/libLLVMCore.a(Mangler.cpp.o);lib/libLLVMCore.a(Attributes.cpp.o);llvm::AttributeList::hasParamAttribute(unsigned int, llvm::Attribute::AttrKind) const;Defined DefinedKind
lib/libLLVMCore.a(Mangler.cpp.o);lib/libLLVMCore.a(DataLayout.cpp.o);llvm::DataLayout::getABITypeAlignment(llvm::Type*) const;Defined DefinedKind
lib/libLLVMCore.a(Mangler.cpp.o);lib/libLLVMCore.a(DataLayout.cpp.o);llvm::DataLayout::getStructLayout(llvm::StructType*) const;Defined DefinedKind
lib/libLLVMCore.a(Mangler.cpp.o);lib/libLLVMCore.a(DataLayout.cpp.o);llvm::DataLayout::getPointerSize(unsigned int) const;Defined DefinedKind
lib/libLLVMCore.a(Mangler.cpp.o);lib/libLLVMCore.a(Function.cpp.o);llvm::Argument::getPassPointeeByValueCopySize(llvm::DataLayout const&) const;Defined DefinedKind
lib/libLLVMCore.a(Mangler.cpp.o);lib/libLLVMCore.a(Function.cpp.o);llvm::Argument::hasPassPointeeByValueCopyAttr() const;Defined DefinedKind
lib/libLLVMCore.a(Mangler.cpp.o);lib/libLLVMCore.a(Function.cpp.o);llvm::Function::BuildLazyArguments() const;Defined DefinedKind
lib/libLLVMCore.a(Mangler.cpp.o);lib/libLLVMCore.a(Globals.cpp.o);llvm::GlobalValue::isDeclaration() const;Defined DefinedKind
lib/libLLVMCore.a(Mangler.cpp.o);lib/libLLVMCore.a(Module.cpp.o);llvm::Module::getDataLayout() const;Defined DefinedKind
lib/libLLVMCore.a(Mangler.cpp.o);lib/libLLVMCore.a(Value.cpp.o);llvm::Value::getName() const;Defined DefinedKind
lib/libLLVMCore.a(Metadata.cpp.o);lib/libLLVMSupport.a(MemAlloc.cpp.o);llvm::allocate_buffer(unsigned long, unsigned long);Defined DefinedKind
lib/libLLVMCore.a(Metadata.cpp.o);lib/libLLVMSupport.a(MemAlloc.cpp.o);llvm::deallocate_buffer(void*, unsigned long, unsigned long);Defined DefinedKind
lib/libLLVMCore.a(Metadata.cpp.o);lib/libLLVMSupport.a(SmallPtrSet.cpp.o);llvm::SmallPtrSetImplBase::FindBucketFor(void const*) const;Defined DefinedKind
lib/libLLVMCore.a(Metadata.cpp.o);lib/libLLVMSupport.a(SmallPtrSet.cpp.o);llvm::SmallPtrSetImplBase::insert_imp_big(void const*);Defined DefinedKind
lib/libLLVMCore.a(Metadata.cpp.o);lib/libLLVMSupport.a(StringMap.cpp.o);llvm::StringMapImpl::RehashTable(unsigned int);Defined DefinedKind
lib/libLLVMCore.a(Metadata.cpp.o);lib/libLLVMSupport.a(StringMap.cpp.o);llvm::StringMapImpl::LookupBucketFor(llvm::StringRef);Defined DefinedKind
lib/libLLVMCore.a(Metadata.cpp.o);lib/libLLVMSupport.a(StringRef.cpp.o);guard variable for llvm::hashing::detail::get_execution_seed()::seed;Defined DefinedKind
lib/libLLVMCore.a(Metadata.cpp.o);lib/libLLVMSupport.a(StringRef.cpp.o);llvm::hashing::detail::get_execution_seed()::seed;Defined DefinedKind
lib/libLLVMCore.a(Metadata.cpp.o);lib/libLLVMSupport.a(APFloat.cpp.o);llvm::detail::IEEEFloat::compare(llvm::detail::IEEEFloat const&) const;Defined DefinedKind
lib/libLLVMCore.a(Metadata.cpp.o);lib/libLLVMSupport.a(APFloat.cpp.o);llvm::detail::IEEEFloat::IEEEFloat(llvm::detail::IEEEFloat const&);Defined DefinedKind
lib/libLLVMCore.a(Metadata.cpp.o);lib/libLLVMSupport.a(APFloat.cpp.o);llvm::APFloatBase::PPCDoubleDouble();Defined DefinedKind
lib/libLLVMCore.a(Metadata.cpp.o);lib/libLLVMSupport.a(APFloat.cpp.o);llvm::detail::IEEEFloat::~IEEEFloat();Defined DefinedKind
lib/libLLVMCore.a(Metadata.cpp.o);lib/libLLVMSupport.a(APFloat.cpp.o);llvm::detail::DoubleAPFloat::compare(llvm::detail::DoubleAPFloat const&) const;Defined DefinedKind
lib/libLLVMCore.a(Metadata.cpp.o);lib/libLLVMSupport.a(APFloat.cpp.o);llvm::detail::DoubleAPFloat::DoubleAPFloat(llvm::detail::DoubleAPFloat const&);Defined DefinedKind
lib/libLLVMCore.a(Metadata.cpp.o);lib/libLLVMSupport.a(APInt.cpp.o);llvm::APInt::compareSigned(llvm::APInt const&) const;Defined DefinedKind
lib/libLLVMCore.a(Metadata.cpp.o);lib/libLLVMSupport.a(APInt.cpp.o);llvm::APInt::zext(unsigned int) const;Defined DefinedKind
lib/libLLVMCore.a(Metadata.cpp.o);lib/libLLVMSupport.a(APInt.cpp.o);llvm::hash_value(llvm::APInt const&);Defined DefinedKind
lib/libLLVMCore.a(Metadata.cpp.o);lib/libLLVMSupport.a(APInt.cpp.o);llvm::APInt::initSlowCase(llvm::APInt const&);Defined DefinedKind
lib/libLLVMCore.a(Metadata.cpp.o);lib/libLLVMSupport.a(APInt.cpp.o);llvm::APInt::EqualSlowCase(llvm::APInt const&) const;Defined DefinedKind
lib/libLLVMCore.a(Metadata.cpp.o);lib/libLLVMSupport.a(Hashing.cpp.o);llvm::hashing::detail::fixed_seed_override;Defined DefinedKind
lib/libLLVMCore.a(Metadata.cpp.o);lib/libLLVMSupport.a(Twine.cpp.o);llvm::Twine::str[abi:cxx11]() const;Defined DefinedKind
lib/libLLVMCore.a(Metadata.cpp.o);lib/libLLVMCore.a(ConstantRange.cpp.o);llvm::ConstantRange::isFullSet() const;Defined DefinedKind
lib/libLLVMCore.a(Metadata.cpp.o);lib/libLLVMCore.a(ConstantRange.cpp.o);llvm::ConstantRange::ConstantRange(llvm::APInt, llvm::APInt);Defined DefinedKind
lib/libLLVMCore.a(Metadata.cpp.o);lib/libLLVMCore.a(ConstantRange.cpp.o);llvm::ConstantRange::isEmptySet() const;Defined DefinedKind
lib/libLLVMCore.a(Metadata.cpp.o);lib/libLLVMCore.a(ConstantRange.cpp.o);llvm::ConstantRange::intersectWith(llvm::ConstantRange const&, llvm::ConstantRange::PreferredRangeType) const;Defined DefinedKind
lib/libLLVMCore.a(Metadata.cpp.o);lib/libLLVMCore.a(Constants.cpp.o);llvm::ConstantInt::get(llvm::IntegerType*, unsigned long, bool);Defined DefinedKind
lib/libLLVMCore.a(Metadata.cpp.o);lib/libLLVMCore.a(Constants.cpp.o);llvm::ConstantInt::get(llvm::Type*, llvm::APInt const&);Defined DefinedKind
lib/libLLVMCore.a(Metadata.cpp.o);lib/libLLVMCore.a(DebugInfoMetadata.cpp.o);llvm::DINamespace::getImpl(llvm::LLVMContext&, llvm::Metadata*, llvm::MDString*, bool, llvm::Metadata::StorageType, bool);Defined DefinedKind
lib/libLLVMCore.a(Metadata.cpp.o);lib/libLLVMCore.a(DebugInfoMetadata.cpp.o);llvm::DIFile::getImpl(llvm::LLVMContext&, llvm::MDString*, llvm::MDString*, llvm::Optional<llvm::DIFile::ChecksumInfo<llvm::MDString*> >, llvm::Optional<llvm::MDString*>, llvm::Metadata::StorageType, bool);Defined DefinedKind
lib/libLLVMCore.a(Metadata.cpp.o);lib/libLLVMCore.a(DebugInfoMetadata.cpp.o);llvm::DILexicalBlockFile::getImpl(llvm::LLVMContext&, llvm::Metadata*, llvm::Metadata*, unsigned int, llvm::Metadata::StorageType, bool);Defined DefinedKind
lib/libLLVMCore.a(Metadata.cpp.o);lib/libLLVMCore.a(DebugInfoMetadata.cpp.o);llvm::DILexicalBlock::getImpl(llvm::LLVMContext&, llvm::Metadata*, llvm::Metadata*, unsigned int, unsigned int, llvm::Metadata::StorageType, bool);Defined DefinedKind
lib/libLLVMCore.a(Metadata.cpp.o);lib/libLLVMCore.a(DebugInfoMetadata.cpp.o);llvm::DISubprogram::getImpl(llvm::LLVMContext&, llvm::Metadata*, llvm::MDString*, llvm::MDString*, llvm::Metadata*, unsigned int, llvm::Metadata*, unsigned int, llvm::Metadata*, unsigned int, int, llvm::DINode::DIFlags, llvm::DISubprogram::DISPFlags, llvm::Metadata*, llvm::Metadata*, llvm::Metadata*, llvm::Metadata*, llvm::Metadata*, llvm::Metadata::StorageType, bool);Defined DefinedKind
lib/libLLVMCore.a(Metadata.cpp.o);lib/libLLVMCore.a(DebugInfoMetadata.cpp.o);llvm::DISubroutineType::getImpl(llvm::LLVMContext&, llvm::DINode::DIFlags, unsigned char, llvm::Metadata*, llvm::Metadata::StorageType, bool);Defined DefinedKind
lib/libLLVMCore.a(Metadata.cpp.o);lib/libLLVMCore.a(DebugInfoMetadata.cpp.o);llvm::DIEnumerator::getImpl(llvm::LLVMContext&, llvm::APInt const&, bool, llvm::MDString*, llvm::Metadata::StorageType, bool);Defined DefinedKind
lib/libLLVMCore.a(Metadata.cpp.o);lib/libLLVMCore.a(DebugInfoMetadata.cpp.o);llvm::DISubrange::getImpl(llvm::LLVMContext&, llvm::Metadata*, llvm::Metadata*, llvm::Metadata*, llvm::Metadata*, llvm::Metadata::StorageType, bool);Defined DefinedKind
lib/libLLVMCore.a(Metadata.cpp.o);lib/libLLVMCore.a(DebugInfoMetadata.cpp.o);llvm::GenericDINode::getImpl(llvm::LLVMContext&, unsigned int, llvm::MDString*, llvm::ArrayRef<llvm::Metadata*>, llvm::Metadata::StorageType, bool);Defined DefinedKind
lib/libLLVMCore.a(Metadata.cpp.o);lib/libLLVMCore.a(DebugInfoMetadata.cpp.o);llvm::DIGlobalVariableExpression::getImpl(llvm::LLVMContext&, llvm::Metadata*, llvm::Metadata*, llvm::Metadata::StorageType, bool);Defined DefinedKind
lib/libLLVMCore.a(Metadata.cpp.o);lib/libLLVMCore.a(DebugInfoMetadata.cpp.o);llvm::DIExpression::getImpl(llvm::LLVMContext&, llvm::ArrayRef<unsigned long>, llvm::Metadata::StorageType, bool);Defined DefinedKind
lib/libLLVMCore.a(Metadata.cpp.o);lib/libLLVMCore.a(DebugInfoMetadata.cpp.o);llvm::DILocation::getImpl(llvm::LLVMContext&, unsigned int, unsigned int, llvm::Metadata*, llvm::Metadata*, bool, llvm::Metadata::StorageType, bool);Defined DefinedKind
lib/libLLVMCore.a(Metadata.cpp.o);lib/libLLVMCore.a(DebugInfoMetadata.cpp.o);llvm::DIGenericSubrange::getImpl(llvm::LLVMContext&, llvm::Metadata*, llvm::Metadata*, llvm::Metadata*, llvm::Metadata*, llvm::Metadata::StorageType, bool);Defined DefinedKind
lib/libLLVMCore.a(Metadata.cpp.o);lib/libLLVMCore.a(DebugInfoMetadata.cpp.o);llvm::DIDerivedType::getImpl(llvm::LLVMContext&, unsigned int, llvm::MDString*, llvm::Metadata*, unsigned int, llvm::Metadata*, llvm::Metadata*, unsigned long, unsigned int, unsigned long, llvm::Optional<unsigned int>, llvm::DINode::DIFlags, llvm::Metadata*, llvm::Metadata::StorageType, bool);Defined DefinedKind
lib/libLLVMCore.a(Metadata.cpp.o);lib/libLLVMCore.a(DebugInfoMetadata.cpp.o);llvm::DIBasicType::getImpl(llvm::LLVMContext&, unsigned int, llvm::MDString*, unsigned long, unsigned int, unsigned int, llvm::DINode::DIFlags, llvm::Metadata::StorageType, bool);Defined DefinedKind
lib/libLLVMCore.a(Metadata.cpp.o);lib/libLLVMCore.a(DebugInfoMetadata.cpp.o);llvm::GenericDINode::recalculateHash();Defined DefinedKind
lib/libLLVMCore.a(Metadata.cpp.o);lib/libLLVMCore.a(DebugInfoMetadata.cpp.o);llvm::DIArgList::handleChangedOperand(void*, llvm::Metadata*);Defined DefinedKind
lib/libLLVMCore.a(Metadata.cpp.o);lib/libLLVMCore.a(DebugInfoMetadata.cpp.o);llvm::DITemplateTypeParameter::getImpl(llvm::LLVMContext&, llvm::MDString*, llvm::Metadata*, bool, llvm::Metadata::StorageType, bool);Defined DefinedKind
lib/libLLVMCore.a(Metadata.cpp.o);lib/libLLVMCore.a(DebugInfoMetadata.cpp.o);llvm::DICompileUnit::getImpl(llvm::LLVMContext&, unsigned int, llvm::Metadata*, llvm::MDString*, bool, llvm::MDString*, unsigned int, llvm::MDString*, unsigned int, llvm::Metadata*, llvm::Metadata*, llvm::Metadata*, llvm::Metadata*, llvm::Metadata*, unsigned long, bool, bool, unsigned int, bool, llvm::MDString*, llvm::MDString*, llvm::Metadata::StorageType, bool);Defined DefinedKind
lib/libLLVMCore.a(Metadata.cpp.o);lib/libLLVMCore.a(DebugInfoMetadata.cpp.o);llvm::DICompositeType::getImpl(llvm::LLVMContext&, unsigned int, llvm::MDString*, llvm::Metadata*, unsigned int, llvm::Metadata*, llvm::Metadata*, unsigned long, unsigned int, unsigned long, llvm::DINode::DIFlags, llvm::Metadata*, unsigned int, llvm::Metadata*, llvm::Metadata*, llvm::MDString*, llvm::Metadata*, llvm::Metadata*, llvm::Metadata*, llvm::Metadata*, llvm::Metadata*, llvm::Metadata::StorageType, bool);Defined DefinedKind
lib/libLLVMCore.a(Metadata.cpp.o);lib/libLLVMCore.a(DebugInfoMetadata.cpp.o);llvm::DIArgList::untrack();Defined DefinedKind
lib/libLLVMCore.a(Metadata.cpp.o);lib/libLLVMCore.a(DebugInfoMetadata.cpp.o);llvm::DIStringType::getImpl(llvm::LLVMContext&, unsigned int, llvm::MDString*, llvm::Metadata*, llvm::Metadata*, unsigned long, unsigned int, unsigned int, llvm::Metadata::StorageType, bool);Defined DefinedKind
lib/libLLVMCore.a(Metadata.cpp.o);lib/libLLVMCore.a(DebugInfoMetadata.cpp.o);llvm::DIArgList::getImpl(llvm::LLVMContext&, llvm::ArrayRef<llvm::ValueAsMetadata*>, llvm::Metadata::StorageType, bool);Defined DefinedKind
lib/libLLVMCore.a(Metadata.cpp.o);lib/libLLVMCore.a(DebugInfoMetadata.cpp.o);llvm::DICommonBlock::getImpl(llvm::LLVMContext&, llvm::Metadata*, llvm::Metadata*, llvm::MDString*, llvm::Metadata*, unsigned int, llvm::Metadata::StorageType, bool);Defined DefinedKind
lib/libLLVMCore.a(Metadata.cpp.o);lib/libLLVMCore.a(DebugInfoMetadata.cpp.o);llvm::DIMacroFile::getImpl(llvm::LLVMContext&, unsigned int, unsigned int, llvm::Metadata*, llvm::Metadata*, llvm::Metadata::StorageType, bool);Defined DefinedKind
lib/libLLVMCore.a(Metadata.cpp.o);lib/libLLVMCore.a(DebugInfoMetadata.cpp.o);llvm::DIImportedEntity::getImpl(llvm::LLVMContext&, unsigned int, llvm::Metadata*, llvm::Metadata*, llvm::Metadata*, unsigned int, llvm::MDString*, llvm::Metadata::StorageType, bool);Defined DefinedKind
lib/libLLVMCore.a(Metadata.cpp.o);lib/libLLVMCore.a(DebugInfoMetadata.cpp.o);llvm::DIModule::getImpl(llvm::LLVMContext&, llvm::Metadata*, llvm::Metadata*, llvm::MDString*, llvm::MDString*, llvm::MDString*, llvm::MDString*, unsigned int, bool, llvm::Metadata::StorageType, bool);Defined DefinedKind
lib/libLLVMCore.a(Metadata.cpp.o);lib/libLLVMCore.a(DebugInfoMetadata.cpp.o);llvm::DITemplateValueParameter::getImpl(llvm::LLVMContext&, unsigned int, llvm::MDString*, llvm::Metadata*, bool, llvm::Metadata*, llvm::Metadata::StorageType, bool);Defined DefinedKind
lib/libLLVMCore.a(Metadata.cpp.o);lib/libLLVMCore.a(DebugInfoMetadata.cpp.o);llvm::DIGlobalVariable::getImpl(llvm::LLVMContext&, llvm::Metadata*, llvm::MDString*, llvm::MDString*, llvm::Metadata*, unsigned int, llvm::Metadata*, bool, bool, llvm::Metadata*, llvm::Metadata*, unsigned int, llvm::Metadata::StorageType, bool);Defined DefinedKind
lib/libLLVMCore.a(Metadata.cpp.o);lib/libLLVMCore.a(DebugInfoMetadata.cpp.o);llvm::DILocalVariable::getImpl(llvm::LLVMContext&, llvm::Metadata*, llvm::MDString*, llvm::Metadata*, unsigned int, llvm::Metadata*, unsigned int, llvm::DINode::DIFlags, unsigned int, llvm::Metadata::StorageType, bool);Defined DefinedKind
lib/libLLVMCore.a(Metadata.cpp.o);lib/libLLVMCore.a(DebugInfoMetadata.cpp.o);llvm::DILabel::getImpl(llvm::LLVMContext&, llvm::Metadata*, llvm::MDString*, llvm::Metadata*, unsigned int, llvm::Metadata::StorageType, bool);Defined DefinedKind
lib/libLLVMCore.a(Metadata.cpp.o);lib/libLLVMCore.a(DebugInfoMetadata.cpp.o);llvm::DIObjCProperty::getImpl(llvm::LLVMContext&, llvm::MDString*, llvm::Metadata*, unsigned int, llvm::MDString*, llvm::MDString*, unsigned int, llvm::Metadata*, llvm::Metadata::StorageType, bool);Defined DefinedKind
lib/libLLVMCore.a(Metadata.cpp.o);lib/libLLVMCore.a(DebugInfoMetadata.cpp.o);llvm::DIMacro::getImpl(llvm::LLVMContext&, unsigned int, unsigned int, llvm::MDString*, llvm::MDString*, llvm::Metadata::StorageType, bool);Defined DefinedKind
lib/libLLVMCore.a(Metadata.cpp.o);lib/libLLVMCore.a(DebugLoc.cpp.o);llvm::DebugLoc::DebugLoc(llvm::MDNode const*);Defined DefinedKind
lib/libLLVMCore.a(Metadata.cpp.o);lib/libLLVMCore.a(LLVMContext.cpp.o);llvm::LLVMContext::getMDKindID(llvm::StringRef) const;Defined DefinedKind
lib/libLLVMCore.a(Metadata.cpp.o);lib/libLLVMCore.a(LLVMContextImpl.cpp.o);llvm::MDNodeOpsKey::calculateHash(llvm::ArrayRef<llvm::Metadata*>);Defined DefinedKind
lib/libLLVMCore.a(Metadata.cpp.o);lib/libLLVMCore.a(LLVMContextImpl.cpp.o);llvm::MDNodeOpsKey::calculateHash(llvm::MDNode*, unsigned int);Defined DefinedKind
lib/libLLVMCore.a(Metadata.cpp.o);lib/libLLVMCore.a(Module.cpp.o);llvm::Module::eraseNamedMetadata(llvm::NamedMDNode*);Defined DefinedKind
lib/libLLVMCore.a(Metadata.cpp.o);lib/libLLVMCore.a(Type.cpp.o);llvm::Type::getMetadataTy(llvm::LLVMContext&);Defined DefinedKind
lib/libLLVMCore.a(Metadata.cpp.o);lib/libLLVMCore.a(Type.cpp.o);llvm::Type::getInt64Ty(llvm::LLVMContext&);Defined DefinedKind
lib/libLLVMCore.a(Metadata.cpp.o);lib/libLLVMCore.a(Value.cpp.o);llvm::Value::replaceAllUsesWith(llvm::Value*);Defined DefinedKind
lib/libLLVMCore.a(Metadata.cpp.o);lib/libLLVMCore.a(Value.cpp.o);llvm::Value::getContext() const;Defined DefinedKind
lib/libLLVMCore.a(Metadata.cpp.o);lib/libLLVMCore.a(Value.cpp.o);llvm::Value::Value(llvm::Type*, unsigned int);Defined DefinedKind
lib/libLLVMCore.a(Metadata.cpp.o);lib/libLLVMCore.a(Value.cpp.o);llvm::Value::~Value();Defined DefinedKind
lib/libLLVMCore.a(Module.cpp.o);lib/libLLVMSupport.a(MemAlloc.cpp.o);llvm::deallocate_buffer(void*, unsigned long, unsigned long);Defined DefinedKind
lib/libLLVMCore.a(Module.cpp.o);lib/libLLVMSupport.a(MemAlloc.cpp.o);llvm::allocate_buffer(unsigned long, unsigned long);Defined DefinedKind
lib/libLLVMCore.a(Module.cpp.o);lib/libLLVMSupport.a(StringMap.cpp.o);llvm::StringMapImpl::FindKey(llvm::StringRef) const;Defined DefinedKind
lib/libLLVMCore.a(Module.cpp.o);lib/libLLVMSupport.a(StringMap.cpp.o);llvm::StringMapImpl::RemoveKey(llvm::StringMapEntryBase*);Defined DefinedKind
lib/libLLVMCore.a(Module.cpp.o);lib/libLLVMSupport.a(StringMap.cpp.o);llvm::StringMapImpl::StringMapImpl(unsigned int, unsigned int);Defined DefinedKind
lib/libLLVMCore.a(Module.cpp.o);lib/libLLVMSupport.a(StringMap.cpp.o);llvm::StringMapImpl::RehashTable(unsigned int);Defined DefinedKind
lib/libLLVMCore.a(Module.cpp.o);lib/libLLVMSupport.a(StringMap.cpp.o);llvm::StringMapImpl::LookupBucketFor(llvm::StringRef);Defined DefinedKind
lib/libLLVMCore.a(Module.cpp.o);lib/libLLVMSupport.a(APInt.cpp.o);llvm::APInt::countLeadingZerosSlowCase() const;Defined DefinedKind
lib/libLLVMCore.a(Module.cpp.o);lib/libLLVMSupport.a(Twine.cpp.o);llvm::Twine::str[abi:cxx11]() const;Defined DefinedKind
lib/libLLVMCore.a(Module.cpp.o);lib/libLLVMSupport.a(Twine.cpp.o);llvm::Twine::toVector(llvm::SmallVectorImpl<char>&) const;Defined DefinedKind
lib/libLLVMCore.a(Module.cpp.o);lib/libLLVMSupport.a(Path.cpp.o);llvm::sys::path::filename(llvm::StringRef, llvm::sys::path::Style);Defined DefinedKind
lib/libLLVMCore.a(Module.cpp.o);lib/libLLVMCore.a(Comdat.cpp.o);llvm::Comdat::Comdat();Defined DefinedKind
lib/libLLVMCore.a(Module.cpp.o);lib/libLLVMCore.a(Comdat.cpp.o);llvm::Comdat::Comdat(llvm::Comdat&&);Defined DefinedKind
lib/libLLVMCore.a(Module.cpp.o);lib/libLLVMCore.a(Constants.cpp.o);llvm::ConstantExpr::getBitCast(llvm::Constant*, llvm::Type*, bool);Defined DefinedKind
lib/libLLVMCore.a(Module.cpp.o);lib/libLLVMCore.a(Constants.cpp.o);llvm::ConstantDataSequential::getElementAsInteger(unsigned int) const;Defined DefinedKind
lib/libLLVMCore.a(Module.cpp.o);lib/libLLVMCore.a(Constants.cpp.o);llvm::ConstantDataSequential::getNumElements() const;Defined DefinedKind
lib/libLLVMCore.a(Module.cpp.o);lib/libLLVMCore.a(Constants.cpp.o);llvm::ConstantInt::get(llvm::Type*, unsigned long, bool);Defined DefinedKind
lib/libLLVMCore.a(Module.cpp.o);lib/libLLVMCore.a(Constants.cpp.o);llvm::ConstantDataSequential::getImpl(llvm::StringRef, llvm::Type*);Defined DefinedKind
lib/libLLVMCore.a(Module.cpp.o);lib/libLLVMCore.a(Constants.cpp.o);llvm::Constant::removeDeadConstantUsers() const;Defined DefinedKind
lib/libLLVMCore.a(Module.cpp.o);lib/libLLVMCore.a(DataLayout.cpp.o);llvm::DataLayout::reset(llvm::StringRef);Defined DefinedKind
lib/libLLVMCore.a(Module.cpp.o);lib/libLLVMCore.a(DataLayout.cpp.o);llvm::DataLayout::clear();Defined DefinedKind
lib/libLLVMCore.a(Module.cpp.o);lib/libLLVMCore.a(DataLayout.cpp.o);llvm::DataLayout::~DataLayout();Defined DefinedKind
lib/libLLVMCore.a(Module.cpp.o);lib/libLLVMCore.a(Function.cpp.o);llvm::Function::~Function();Defined DefinedKind
lib/libLLVMCore.a(Module.cpp.o);lib/libLLVMCore.a(Function.cpp.o);llvm::Function::dropAllReferences();Defined DefinedKind
lib/libLLVMCore.a(Module.cpp.o);lib/libLLVMCore.a(Function.cpp.o);llvm::Function::Function(llvm::FunctionType*, llvm::GlobalValue::LinkageTypes, unsigned int, llvm::Twine const&, llvm::Module*);Defined DefinedKind
lib/libLLVMCore.a(Module.cpp.o);lib/libLLVMCore.a(Globals.cpp.o);llvm::GlobalVariable::dropAllReferences();Defined DefinedKind
lib/libLLVMCore.a(Module.cpp.o);lib/libLLVMCore.a(Globals.cpp.o);llvm::GlobalValue::getAddressSpace() const;Defined DefinedKind
lib/libLLVMCore.a(Module.cpp.o);lib/libLLVMCore.a(Globals.cpp.o);llvm::GlobalValue::isDeclaration() const;Defined DefinedKind
lib/libLLVMCore.a(Module.cpp.o);lib/libLLVMCore.a(Globals.cpp.o);llvm::GlobalVariable::GlobalVariable(llvm::Module&, llvm::Type*, bool, llvm::GlobalValue::LinkageTypes, llvm::Constant*, llvm::Twine const&, llvm::GlobalVariable*, llvm::GlobalValue::ThreadLocalMode, llvm::Optional<unsigned int>, bool);Defined DefinedKind
lib/libLLVMCore.a(Module.cpp.o);lib/libLLVMCore.a(LLVMContext.cpp.o);llvm::LLVMContext::addModule(llvm::Module*);Defined DefinedKind
lib/libLLVMCore.a(Module.cpp.o);lib/libLLVMCore.a(LLVMContext.cpp.o);llvm::LLVMContext::getMDKindID(llvm::StringRef) const;Defined DefinedKind
lib/libLLVMCore.a(Module.cpp.o);lib/libLLVMCore.a(LLVMContext.cpp.o);llvm::LLVMContext::removeModule(llvm::Module*);Defined DefinedKind
lib/libLLVMCore.a(Module.cpp.o);lib/libLLVMCore.a(LLVMContext.cpp.o);llvm::LLVMContext::getMDKindNames(llvm::SmallVectorImpl<llvm::StringRef>&) const;Defined DefinedKind
lib/libLLVMCore.a(Module.cpp.o);lib/libLLVMCore.a(Metadata.cpp.o);llvm::MDString::get(llvm::LLVMContext&, llvm::StringRef);Defined DefinedKind
lib/libLLVMCore.a(Module.cpp.o);lib/libLLVMCore.a(Metadata.cpp.o);llvm::NamedMDNode::addOperand(llvm::MDNode*);Defined DefinedKind
lib/libLLVMCore.a(Module.cpp.o);lib/libLLVMCore.a(Metadata.cpp.o);llvm::NamedMDNode::NamedMDNode(llvm::Twine const&);Defined DefinedKind
lib/libLLVMCore.a(Module.cpp.o);lib/libLLVMCore.a(Metadata.cpp.o);llvm::NamedMDNode::getOperand(unsigned int) const;Defined DefinedKind
lib/libLLVMCore.a(Module.cpp.o);lib/libLLVMCore.a(Metadata.cpp.o);llvm::MDString::getString() const;Defined DefinedKind
lib/libLLVMCore.a(Module.cpp.o);lib/libLLVMCore.a(Metadata.cpp.o);llvm::NamedMDNode::getNumOperands() const;Defined DefinedKind
lib/libLLVMCore.a(Module.cpp.o);lib/libLLVMCore.a(Metadata.cpp.o);llvm::ValueAsMetadata::get(llvm::Value*);Defined DefinedKind
lib/libLLVMCore.a(Module.cpp.o);lib/libLLVMCore.a(Metadata.cpp.o);llvm::MDNode::replaceOperandWith(unsigned int, llvm::Metadata*);Defined DefinedKind
lib/libLLVMCore.a(Module.cpp.o);lib/libLLVMCore.a(Metadata.cpp.o);llvm::MDTuple::getImpl(llvm::LLVMContext&, llvm::ArrayRef<llvm::Metadata*>, llvm::Metadata::StorageType, bool);Defined DefinedKind
lib/libLLVMCore.a(Module.cpp.o);lib/libLLVMCore.a(Metadata.cpp.o);llvm::NamedMDNode::~NamedMDNode();Defined DefinedKind
lib/libLLVMCore.a(Module.cpp.o);lib/libLLVMCore.a(Metadata.cpp.o);llvm::NamedMDNode::getName() const;Defined DefinedKind
lib/libLLVMCore.a(Module.cpp.o);lib/libLLVMCore.a(Type.cpp.o);llvm::Type::getIntNTy(llvm::LLVMContext&, unsigned int);Defined DefinedKind
lib/libLLVMCore.a(Module.cpp.o);lib/libLLVMCore.a(Type.cpp.o);llvm::Type::getInt32Ty(llvm::LLVMContext&);Defined DefinedKind
lib/libLLVMCore.a(Module.cpp.o);lib/libLLVMCore.a(Type.cpp.o);llvm::ArrayType::get(llvm::Type*, unsigned long);Defined DefinedKind
lib/libLLVMCore.a(Module.cpp.o);lib/libLLVMCore.a(Type.cpp.o);llvm::PointerType::get(llvm::Type*, unsigned int);Defined DefinedKind
lib/libLLVMCore.a(Module.cpp.o);lib/libLLVMCore.a(TypeFinder.cpp.o);llvm::TypeFinder::run(llvm::Module const&, bool);Defined DefinedKind
lib/libLLVMCore.a(Module.cpp.o);lib/libLLVMCore.a(User.cpp.o);llvm::User::operator new(unsigned long, unsigned int);Defined DefinedKind
lib/libLLVMCore.a(Module.cpp.o);lib/libLLVMCore.a(User.cpp.o);llvm::User::operator new(unsigned long);Defined DefinedKind
lib/libLLVMCore.a(Module.cpp.o);lib/libLLVMCore.a(User.cpp.o);llvm::User::operator delete(void*);Defined DefinedKind
lib/libLLVMCore.a(Module.cpp.o);lib/libLLVMCore.a(Value.cpp.o);llvm::Value::stripPointerCasts() const;Defined DefinedKind
lib/libLLVMCore.a(Module.cpp.o);lib/libLLVMCore.a(Value.cpp.o);llvm::Value::getValueName() const;Defined DefinedKind
lib/libLLVMCore.a(Module.cpp.o);lib/libLLVMCore.a(Value.cpp.o);llvm::Value::~Value();Defined DefinedKind
lib/libLLVMCore.a(Module.cpp.o);lib/libLLVMCore.a(ValueSymbolTable.cpp.o);llvm::ValueSymbolTable::removeValueName(llvm::StringMapEntry<llvm::Value*>*);Defined DefinedKind
lib/libLLVMCore.a(Module.cpp.o);lib/libLLVMCore.a(ValueSymbolTable.cpp.o);llvm::ValueSymbolTable::~ValueSymbolTable();Defined DefinedKind
lib/libLLVMCore.a(Module.cpp.o);lib/libLLVMCore.a(ValueSymbolTable.cpp.o);llvm::ValueSymbolTable::reinsertValue(llvm::Value*);Defined DefinedKind
lib/libLLVMSupport.a(RandomNumberGenerator.cpp.o);lib/libLLVMSupport.a(CommandLine.cpp.o);llvm::cl::basic_parser_impl::printOptionInfo(llvm::cl::Option const&, unsigned long) const;Defined DefinedKind
lib/libLLVMSupport.a(RandomNumberGenerator.cpp.o);lib/libLLVMSupport.a(CommandLine.cpp.o);llvm::cl::basic_parser_impl::getOptionWidth(llvm::cl::Option const&) const;Defined DefinedKind
lib/libLLVMSupport.a(RandomNumberGenerator.cpp.o);lib/libLLVMSupport.a(CommandLine.cpp.o);llvm::cl::parser<unsigned long>::parse(llvm::cl::Option&, llvm::StringRef, llvm::StringRef, unsigned long&);Defined DefinedKind
lib/libLLVMSupport.a(RandomNumberGenerator.cpp.o);lib/libLLVMSupport.a(CommandLine.cpp.o);llvm::cl::parser<unsigned long>::printOptionDiff(llvm::cl::Option const&, unsigned long, llvm::cl::OptionValue<unsigned long>, unsigned long) const;Defined DefinedKind
lib/libLLVMSupport.a(RandomNumberGenerator.cpp.o);lib/libLLVMSupport.a(CommandLine.cpp.o);llvm::cl::GeneralCategory;Defined DefinedKind
lib/libLLVMSupport.a(RandomNumberGenerator.cpp.o);lib/libLLVMSupport.a(CommandLine.cpp.o);llvm::cl::Option::setArgStr(llvm::StringRef);Defined DefinedKind
lib/libLLVMSupport.a(RandomNumberGenerator.cpp.o);lib/libLLVMSupport.a(CommandLine.cpp.o);llvm::cl::Option::addArgument();Defined DefinedKind
lib/libLLVMSupport.a(RandomNumberGenerator.cpp.o);lib/libLLVMSupport.a(CommandLine.cpp.o);llvm::cl::GenericOptionValue::anchor();Defined DefinedKind
lib/libLLVMSupport.a(RandomNumberGenerator.cpp.o);lib/libLLVMSupport.a(CommandLine.cpp.o);llvm::cl::Option::anchor();Defined DefinedKind
lib/libLLVMSupport.a(RandomNumberGenerator.cpp.o);lib/libLLVMSupport.a(CommandLine.cpp.o);llvm::cl::Option::addOccurrence(unsigned int, llvm::StringRef, llvm::StringRef, bool);Defined DefinedKind
lib/libLLVMCore.a(ModuleSummaryIndex.cpp.o);lib/libLLVMSupport.a(CommandLine.cpp.o);llvm::cl::GeneralCategory;Defined DefinedKind
lib/libLLVMCore.a(ModuleSummaryIndex.cpp.o);lib/libLLVMSupport.a(CommandLine.cpp.o);llvm::cl::Option::setArgStr(llvm::StringRef);Defined DefinedKind
lib/libLLVMCore.a(ModuleSummaryIndex.cpp.o);lib/libLLVMSupport.a(CommandLine.cpp.o);llvm::cl::Option::addArgument();Defined DefinedKind
lib/libLLVMCore.a(ModuleSummaryIndex.cpp.o);lib/libLLVMSupport.a(CommandLine.cpp.o);llvm::cl::GenericOptionValue::anchor();Defined DefinedKind
lib/libLLVMCore.a(ModuleSummaryIndex.cpp.o);lib/libLLVMSupport.a(MemAlloc.cpp.o);llvm::allocate_buffer(unsigned long, unsigned long);Defined DefinedKind
lib/libLLVMCore.a(ModuleSummaryIndex.cpp.o);lib/libLLVMSupport.a(MemAlloc.cpp.o);llvm::deallocate_buffer(void*, unsigned long, unsigned long);Defined DefinedKind
lib/libLLVMCore.a(ModuleSummaryIndex.cpp.o);lib/libLLVMSupport.a(StringMap.cpp.o);llvm::StringMapImpl::FindKey(llvm::StringRef) const;Defined DefinedKind
lib/libLLVMCore.a(ModuleSummaryIndex.cpp.o);lib/libLLVMSupport.a(Twine.cpp.o);llvm::Twine::str[abi:cxx11]() const;Defined DefinedKind
lib/libLLVMCore.a(ModuleSummaryIndex.cpp.o);lib/libLLVMSupport.a(raw_ostream.cpp.o);llvm::raw_ostream::write(char const*, unsigned long);Defined DefinedKind
lib/libLLVMCore.a(ModuleSummaryIndex.cpp.o);lib/libLLVMSupport.a(Path.cpp.o);llvm::sys::path::filename(llvm::StringRef, llvm::sys::path::Style);Defined DefinedKind
lib/libLLVMCore.a(ModuleSummaryIndex.cpp.o);lib/libLLVMCore.a(Value.cpp.o);llvm::Value::getName() const;Defined DefinedKind
lib/libLLVMSupport.a(Statistic.cpp.o);lib/libLLVMSupport.a(CommandLine.cpp.o);llvm::cl::GeneralCategory;Defined DefinedKind
lib/libLLVMSupport.a(Statistic.cpp.o);lib/libLLVMSupport.a(CommandLine.cpp.o);llvm::cl::Option::setArgStr(llvm::StringRef);Defined DefinedKind
lib/libLLVMSupport.a(Statistic.cpp.o);lib/libLLVMSupport.a(CommandLine.cpp.o);llvm::cl::Option::addArgument();Defined DefinedKind
lib/libLLVMSupport.a(Statistic.cpp.o);lib/libLLVMSupport.a(CommandLine.cpp.o);llvm::cl::GenericOptionValue::anchor();Defined DefinedKind
lib/libLLVMSupport.a(Statistic.cpp.o);lib/libLLVMSupport.a(ManagedStatic.cpp.o);llvm::ManagedStaticBase::RegisterManagedStatic(void* (*)(), void (*)(void*)) const;Defined DefinedKind
lib/libLLVMSupport.a(Statistic.cpp.o);lib/libLLVMSupport.a(raw_ostream.cpp.o);llvm::raw_ostream::write(char const*, unsigned long);Defined DefinedKind
lib/libLLVMSupport.a(Statistic.cpp.o);lib/libLLVMSupport.a(raw_ostream.cpp.o);llvm::raw_ostream::operator<<(unsigned long);Defined DefinedKind
lib/libLLVMSupport.a(Statistic.cpp.o);lib/libLLVMSupport.a(raw_ostream.cpp.o);llvm::raw_ostream::write(unsigned char);Defined DefinedKind
lib/libLLVMSupport.a(Statistic.cpp.o);lib/libLLVMSupport.a(raw_ostream.cpp.o);llvm::raw_ostream::flush_nonempty();Defined DefinedKind
lib/libLLVMSupport.a(Statistic.cpp.o);lib/libLLVMSupport.a(raw_ostream.cpp.o);llvm::raw_ostream::operator<<(llvm::format_object_base const&);Defined DefinedKind
lib/libLLVMSupport.a(Statistic.cpp.o);lib/libLLVMSupport.a(raw_ostream.cpp.o);llvm::format_object_base::home();Defined DefinedKind
lib/libLLVMSupport.a(Statistic.cpp.o);lib/libLLVMSupport.a(Threading.cpp.o);llvm::llvm_is_multithreaded();Defined DefinedKind
lib/libLLVMSupport.a(Timer.cpp.o);lib/libLLVMSupport.a(CommandLine.cpp.o);llvm::cl::basic_parser_impl::getOptionWidth(llvm::cl::Option const&) const;Defined DefinedKind
lib/libLLVMSupport.a(Timer.cpp.o);lib/libLLVMSupport.a(CommandLine.cpp.o);llvm::cl::parser<std::__cxx11::basic_string<char, std::char_traits<char>, std::allocator<char> > >::printOptionDiff(llvm::cl::Option const&, llvm::StringRef, llvm::cl::OptionValue<std::__cxx11::basic_string<char, std::char_traits<char>, std::allocator<char> > > const&, unsigned long) const;Defined DefinedKind
lib/libLLVMSupport.a(Timer.cpp.o);lib/libLLVMSupport.a(CommandLine.cpp.o);llvm::cl::Option::addOccurrence(unsigned int, llvm::StringRef, llvm::StringRef, bool);Defined DefinedKind
lib/libLLVMSupport.a(Timer.cpp.o);lib/libLLVMSupport.a(CommandLine.cpp.o);llvm::cl::Option::anchor();Defined DefinedKind
lib/libLLVMSupport.a(Timer.cpp.o);lib/libLLVMSupport.a(CommandLine.cpp.o);llvm::cl::GenericOptionValue::anchor();Defined DefinedKind
lib/libLLVMSupport.a(Timer.cpp.o);lib/libLLVMSupport.a(CommandLine.cpp.o);llvm::cl::Option::error(llvm::Twine const&, llvm::StringRef, llvm::raw_ostream&);Defined DefinedKind
lib/libLLVMSupport.a(Timer.cpp.o);lib/libLLVMSupport.a(CommandLine.cpp.o);llvm::cl::Option::addArgument();Defined DefinedKind
lib/libLLVMSupport.a(Timer.cpp.o);lib/libLLVMSupport.a(CommandLine.cpp.o);llvm::cl::Option::setArgStr(llvm::StringRef);Defined DefinedKind
lib/libLLVMSupport.a(Timer.cpp.o);lib/libLLVMSupport.a(CommandLine.cpp.o);llvm::cl::GeneralCategory;Defined DefinedKind
lib/libLLVMSupport.a(Timer.cpp.o);lib/libLLVMSupport.a(CommandLine.cpp.o);llvm::cl::basic_parser_impl::printOptionInfo(llvm::cl::Option const&, unsigned long) const;Defined DefinedKind
lib/libLLVMSupport.a(Timer.cpp.o);lib/libLLVMSupport.a(ManagedStatic.cpp.o);llvm::ManagedStaticBase::RegisterManagedStatic(void* (*)(), void (*)(void*)) const;Defined DefinedKind
lib/libLLVMSupport.a(Timer.cpp.o);lib/libLLVMSupport.a(MemAlloc.cpp.o);llvm::allocate_buffer(unsigned long, unsigned long);Defined DefinedKind
lib/libLLVMSupport.a(Timer.cpp.o);lib/libLLVMSupport.a(MemAlloc.cpp.o);llvm::deallocate_buffer(void*, unsigned long, unsigned long);Defined DefinedKind
lib/libLLVMSupport.a(Timer.cpp.o);lib/libLLVMSupport.a(StringMap.cpp.o);llvm::StringMapImpl::RehashTable(unsigned int);Defined DefinedKind
lib/libLLVMSupport.a(Timer.cpp.o);lib/libLLVMSupport.a(StringMap.cpp.o);llvm::StringMapImpl::LookupBucketFor(llvm::StringRef);Defined DefinedKind
lib/libLLVMSupport.a(Timer.cpp.o);lib/libLLVMSupport.a(raw_ostream.cpp.o);llvm::raw_ostream::indent(unsigned int);Defined DefinedKind
lib/libLLVMSupport.a(Timer.cpp.o);lib/libLLVMSupport.a(raw_ostream.cpp.o);llvm::raw_ostream::flush_nonempty();Defined DefinedKind
lib/libLLVMSupport.a(Timer.cpp.o);lib/libLLVMSupport.a(raw_ostream.cpp.o);llvm::raw_ostream::write(unsigned char);Defined DefinedKind
lib/libLLVMSupport.a(Timer.cpp.o);lib/libLLVMSupport.a(raw_ostream.cpp.o);llvm::raw_ostream::operator<<(llvm::format_object_base const&);Defined DefinedKind
lib/libLLVMSupport.a(Timer.cpp.o);lib/libLLVMSupport.a(raw_ostream.cpp.o);llvm::raw_ostream::write(char const*, unsigned long);Defined DefinedKind
lib/libLLVMSupport.a(Timer.cpp.o);lib/libLLVMSupport.a(raw_ostream.cpp.o);llvm::errs();Defined DefinedKind
lib/libLLVMSupport.a(Timer.cpp.o);lib/libLLVMSupport.a(raw_ostream.cpp.o);llvm::raw_fd_ostream::raw_fd_ostream(llvm::StringRef, std::error_code&, llvm::sys::fs::OpenFlags);Defined DefinedKind
lib/libLLVMSupport.a(Timer.cpp.o);lib/libLLVMSupport.a(raw_ostream.cpp.o);llvm::raw_fd_ostream::raw_fd_ostream(int, bool, bool, llvm::raw_ostream::OStreamKind);Defined DefinedKind
lib/libLLVMSupport.a(Timer.cpp.o);lib/libLLVMSupport.a(raw_ostream.cpp.o);llvm::format_object_base::home();Defined DefinedKind
lib/libLLVMSupport.a(Timer.cpp.o);lib/libLLVMSupport.a(Threading.cpp.o);llvm::llvm_is_multithreaded();Defined DefinedKind
lib/libLLVMCore.a(Operator.cpp.o);lib/libLLVMSupport.a(APInt.cpp.o);llvm::APInt::countLeadingZerosSlowCase() const;Defined DefinedKind
lib/libLLVMCore.a(Operator.cpp.o);lib/libLLVMSupport.a(APInt.cpp.o);llvm::APInt::operator*(llvm::APInt const&) const;Defined DefinedKind
lib/libLLVMCore.a(Operator.cpp.o);lib/libLLVMSupport.a(APInt.cpp.o);llvm::APInt::operator+=(llvm::APInt const&);Defined DefinedKind
lib/libLLVMCore.a(Operator.cpp.o);lib/libLLVMSupport.a(APInt.cpp.o);llvm::APInt::initSlowCase(unsigned long, bool);Defined DefinedKind
lib/libLLVMCore.a(Operator.cpp.o);lib/libLLVMSupport.a(APInt.cpp.o);llvm::APInt::initSlowCase(llvm::APInt const&);Defined DefinedKind
lib/libLLVMCore.a(Operator.cpp.o);lib/libLLVMSupport.a(TypeSize.cpp.o);llvm::TypeSize::operator unsigned long() const;Defined DefinedKind
lib/libLLVMCore.a(Operator.cpp.o);lib/libLLVMCore.a(Constants.cpp.o);llvm::GetElementPtrConstantExpr::getSourceElementType() const;Defined DefinedKind
lib/libLLVMCore.a(Operator.cpp.o);lib/libLLVMCore.a(DataLayout.cpp.o);llvm::DataLayout::getPointerSize(unsigned int) const;Defined DefinedKind
lib/libLLVMCore.a(Operator.cpp.o);lib/libLLVMCore.a(DataLayout.cpp.o);llvm::DataLayout::getStructLayout(llvm::StructType*) const;Defined DefinedKind
lib/libLLVMCore.a(Operator.cpp.o);lib/libLLVMCore.a(DataLayout.cpp.o);llvm::DataLayout::getABITypeAlignment(llvm::Type*) const;Defined DefinedKind
lib/libLLVMCore.a(Operator.cpp.o);lib/libLLVMCore.a(Type.cpp.o);llvm::StructType::getTypeAtIndex(llvm::Value const*) const;Defined DefinedKind
lib/libLLVMCore.a(OptBisect.cpp.o);lib/libLLVMSupport.a(CommandLine.cpp.o);llvm::cl::GeneralCategory;Defined DefinedKind
lib/libLLVMCore.a(OptBisect.cpp.o);lib/libLLVMSupport.a(CommandLine.cpp.o);llvm::cl::Option::setArgStr(llvm::StringRef);Defined DefinedKind
lib/libLLVMCore.a(OptBisect.cpp.o);lib/libLLVMSupport.a(CommandLine.cpp.o);llvm::cl::Option::addArgument();Defined DefinedKind
lib/libLLVMCore.a(OptBisect.cpp.o);lib/libLLVMSupport.a(CommandLine.cpp.o);llvm::cl::GenericOptionValue::anchor();Defined DefinedKind
lib/libLLVMCore.a(OptBisect.cpp.o);lib/libLLVMSupport.a(raw_ostream.cpp.o);llvm::errs();Defined DefinedKind
lib/libLLVMCore.a(OptBisect.cpp.o);lib/libLLVMSupport.a(raw_ostream.cpp.o);llvm::raw_ostream::operator<<(long);Defined DefinedKind
lib/libLLVMCore.a(OptBisect.cpp.o);lib/libLLVMSupport.a(raw_ostream.cpp.o);llvm::raw_ostream::write(char const*, unsigned long);Defined DefinedKind
lib/libLLVMCore.a(ProfileSummary.cpp.o);lib/libLLVMSupport.a(APFloat.cpp.o);llvm::APFloat::convertToDouble() const;Defined DefinedKind
lib/libLLVMCore.a(ProfileSummary.cpp.o);lib/libLLVMSupport.a(raw_ostream.cpp.o);llvm::raw_ostream::operator<<(unsigned long);Defined DefinedKind
lib/libLLVMCore.a(ProfileSummary.cpp.o);lib/libLLVMSupport.a(raw_ostream.cpp.o);llvm::raw_ostream::write(char const*, unsigned long);Defined DefinedKind
lib/libLLVMCore.a(ProfileSummary.cpp.o);lib/libLLVMSupport.a(raw_ostream.cpp.o);llvm::raw_ostream::operator<<(llvm::format_object_base const&);Defined DefinedKind
lib/libLLVMCore.a(ProfileSummary.cpp.o);lib/libLLVMSupport.a(raw_ostream.cpp.o);llvm::format_object_base::home();Defined DefinedKind
lib/libLLVMCore.a(ProfileSummary.cpp.o);lib/libLLVMCore.a(Constants.cpp.o);llvm::ConstantInt::get(llvm::Type*, unsigned long, bool);Defined DefinedKind
lib/libLLVMCore.a(ProfileSummary.cpp.o);lib/libLLVMCore.a(Constants.cpp.o);llvm::ConstantFP::get(llvm::Type*, double);Defined DefinedKind
lib/libLLVMCore.a(ProfileSummary.cpp.o);lib/libLLVMCore.a(Metadata.cpp.o);llvm::MDString::getString() const;Defined DefinedKind
lib/libLLVMCore.a(ProfileSummary.cpp.o);lib/libLLVMCore.a(Metadata.cpp.o);llvm::ValueAsMetadata::get(llvm::Value*);Defined DefinedKind
lib/libLLVMCore.a(ProfileSummary.cpp.o);lib/libLLVMCore.a(Metadata.cpp.o);llvm::MDTuple::getImpl(llvm::LLVMContext&, llvm::ArrayRef<llvm::Metadata*>, llvm::Metadata::StorageType, bool);Defined DefinedKind
lib/libLLVMCore.a(ProfileSummary.cpp.o);lib/libLLVMCore.a(Metadata.cpp.o);llvm::MDString::get(llvm::LLVMContext&, llvm::StringRef);Defined DefinedKind
lib/libLLVMCore.a(ProfileSummary.cpp.o);lib/libLLVMCore.a(Type.cpp.o);llvm::Type::getInt32Ty(llvm::LLVMContext&);Defined DefinedKind
lib/libLLVMCore.a(ProfileSummary.cpp.o);lib/libLLVMCore.a(Type.cpp.o);llvm::Type::getInt64Ty(llvm::LLVMContext&);Defined DefinedKind
lib/libLLVMCore.a(ProfileSummary.cpp.o);lib/libLLVMCore.a(Type.cpp.o);llvm::Type::getDoubleTy(llvm::LLVMContext&);Defined DefinedKind
lib/libLLVMCore.a(Type.cpp.o);lib/libLLVMSupport.a(MemAlloc.cpp.o);llvm::allocate_buffer(unsigned long, unsigned long);Defined DefinedKind
lib/libLLVMCore.a(Type.cpp.o);lib/libLLVMSupport.a(MemAlloc.cpp.o);llvm::deallocate_buffer(void*, unsigned long, unsigned long);Defined DefinedKind
lib/libLLVMCore.a(Type.cpp.o);lib/libLLVMSupport.a(SmallPtrSet.cpp.o);llvm::SmallPtrSetImplBase::insert_imp_big(void const*);Defined DefinedKind
lib/libLLVMCore.a(Type.cpp.o);lib/libLLVMSupport.a(StringMap.cpp.o);llvm::StringMapImpl::RemoveKey(llvm::StringMapEntryBase*);Defined DefinedKind
lib/libLLVMCore.a(Type.cpp.o);lib/libLLVMSupport.a(StringMap.cpp.o);llvm::StringMapImpl::LookupBucketFor(llvm::StringRef);Defined DefinedKind
lib/libLLVMCore.a(Type.cpp.o);lib/libLLVMSupport.a(StringMap.cpp.o);llvm::StringMapImpl::RehashTable(unsigned int);Defined DefinedKind
lib/libLLVMCore.a(Type.cpp.o);lib/libLLVMSupport.a(StringMap.cpp.o);llvm::StringMapImpl::FindKey(llvm::StringRef) const;Defined DefinedKind
lib/libLLVMCore.a(Type.cpp.o);lib/libLLVMSupport.a(StringRef.cpp.o);guard variable for llvm::hashing::detail::get_execution_seed()::seed;Defined DefinedKind
lib/libLLVMCore.a(Type.cpp.o);lib/libLLVMSupport.a(StringRef.cpp.o);llvm::hashing::detail::get_execution_seed()::seed;Defined DefinedKind
lib/libLLVMCore.a(Type.cpp.o);lib/libLLVMSupport.a(APInt.cpp.o);llvm::APInt::initSlowCase(unsigned long, bool);Defined DefinedKind
lib/libLLVMCore.a(Type.cpp.o);lib/libLLVMSupport.a(Hashing.cpp.o);llvm::hashing::detail::fixed_seed_override;Defined DefinedKind
lib/libLLVMCore.a(Type.cpp.o);lib/libLLVMSupport.a(raw_ostream.cpp.o);llvm::raw_ostream::SetBufferAndMode(char*, unsigned long, llvm::raw_ostream::BufferKind);Defined DefinedKind
lib/libLLVMCore.a(Type.cpp.o);lib/libLLVMSupport.a(raw_ostream.cpp.o);llvm::raw_ostream::operator<<(unsigned long);Defined DefinedKind
lib/libLLVMCore.a(Type.cpp.o);lib/libLLVMSupport.a(raw_ostream.cpp.o);llvm::raw_ostream::~raw_ostream();Defined DefinedKind
lib/libLLVMCore.a(Type.cpp.o);lib/libLLVMCore.a(Constants.cpp.o);llvm::Constant::getUniqueInteger() const;Defined DefinedKind
lib/libLLVMCore.a(Type.cpp.o);lib/libLLVMCore.a(Constants.cpp.o);llvm::Constant::getSplatValue(bool) const;Defined DefinedKind
lib/libLLVMCore.a(TypeFinder.cpp.o);lib/libLLVMSupport.a(MemAlloc.cpp.o);llvm::deallocate_buffer(void*, unsigned long, unsigned long);Defined DefinedKind
lib/libLLVMCore.a(TypeFinder.cpp.o);lib/libLLVMSupport.a(MemAlloc.cpp.o);llvm::allocate_buffer(unsigned long, unsigned long);Defined DefinedKind
lib/libLLVMCore.a(TypeFinder.cpp.o);lib/libLLVMCore.a(Function.cpp.o);llvm::Function::BuildLazyArguments() const;Defined DefinedKind
lib/libLLVMCore.a(TypeFinder.cpp.o);lib/libLLVMCore.a(Globals.cpp.o);llvm::GlobalValue::isDeclaration() const;Defined DefinedKind
lib/libLLVMCore.a(TypeFinder.cpp.o);lib/libLLVMCore.a(Metadata.cpp.o);llvm::Value::getAllMetadata(llvm::SmallVectorImpl<std::pair<unsigned int, llvm::MDNode*> >&) const;Defined DefinedKind
lib/libLLVMCore.a(TypeFinder.cpp.o);lib/libLLVMCore.a(Metadata.cpp.o);llvm::NamedMDNode::getNumOperands() const;Defined DefinedKind
lib/libLLVMCore.a(TypeFinder.cpp.o);lib/libLLVMCore.a(Metadata.cpp.o);llvm::NamedMDNode::getOperand(unsigned int) const;Defined DefinedKind
lib/libLLVMCore.a(User.cpp.o);lib/libLLVMCore.a(Use.cpp.o);llvm::Use::zap(llvm::Use*, llvm::Use const*, bool);Defined DefinedKind
lib/libLLVMCore.a(Value.cpp.o);lib/libLLVMSupport.a(CommandLine.cpp.o);llvm::cl::GenericOptionValue::anchor();Defined DefinedKind
lib/libLLVMCore.a(Value.cpp.o);lib/libLLVMSupport.a(CommandLine.cpp.o);llvm::cl::Option::addArgument();Defined DefinedKind
lib/libLLVMCore.a(Value.cpp.o);lib/libLLVMSupport.a(CommandLine.cpp.o);llvm::cl::Option::setArgStr(llvm::StringRef);Defined DefinedKind
lib/libLLVMCore.a(Value.cpp.o);lib/libLLVMSupport.a(CommandLine.cpp.o);llvm::cl::GeneralCategory;Defined DefinedKind
lib/libLLVMCore.a(Value.cpp.o);lib/libLLVMSupport.a(MemAlloc.cpp.o);llvm::allocate_buffer(unsigned long, unsigned long);Defined DefinedKind
lib/libLLVMCore.a(Value.cpp.o);lib/libLLVMSupport.a(MemAlloc.cpp.o);llvm::deallocate_buffer(void*, unsigned long, unsigned long);Defined DefinedKind
lib/libLLVMCore.a(Value.cpp.o);lib/libLLVMSupport.a(SmallPtrSet.cpp.o);llvm::SmallPtrSetImplBase::FindBucketFor(void const*) const;Defined DefinedKind
lib/libLLVMCore.a(Value.cpp.o);lib/libLLVMSupport.a(SmallPtrSet.cpp.o);llvm::SmallPtrSetImplBase::insert_imp_big(void const*);Defined DefinedKind
lib/libLLVMCore.a(Value.cpp.o);lib/libLLVMSupport.a(APInt.cpp.o);llvm::APInt::initSlowCase(unsigned long, bool);Defined DefinedKind
lib/libLLVMCore.a(Value.cpp.o);lib/libLLVMSupport.a(APInt.cpp.o);llvm::APInt::countTrailingZerosSlowCase() const;Defined DefinedKind
lib/libLLVMCore.a(Value.cpp.o);lib/libLLVMSupport.a(APInt.cpp.o);llvm::APInt::AssignSlowCase(llvm::APInt const&);Defined DefinedKind
lib/libLLVMCore.a(Value.cpp.o);lib/libLLVMSupport.a(APInt.cpp.o);llvm::APInt::operator+=(llvm::APInt const&);Defined DefinedKind
lib/libLLVMCore.a(Value.cpp.o);lib/libLLVMSupport.a(APInt.cpp.o);llvm::APInt::initSlowCase(llvm::APInt const&);Defined DefinedKind
lib/libLLVMCore.a(Value.cpp.o);lib/libLLVMSupport.a(APInt.cpp.o);llvm::APInt::countLeadingOnesSlowCase() const;Defined DefinedKind
lib/libLLVMCore.a(Value.cpp.o);lib/libLLVMSupport.a(APInt.cpp.o);llvm::APInt::countLeadingZerosSlowCase() const;Defined DefinedKind
lib/libLLVMCore.a(Value.cpp.o);lib/libLLVMSupport.a(Twine.cpp.o);llvm::Twine::toVector(llvm::SmallVectorImpl<char>&) const;Defined DefinedKind
lib/libLLVMCore.a(Value.cpp.o);lib/libLLVMCore.a(Attributes.cpp.o);llvm::AttributeList::hasFnAttribute(llvm::Attribute::AttrKind) const;Defined DefinedKind
lib/libLLVMCore.a(Value.cpp.o);lib/libLLVMCore.a(Attributes.cpp.o);llvm::AttributeList::getRetAlignment() const;Defined DefinedKind
lib/libLLVMCore.a(Value.cpp.o);lib/libLLVMCore.a(BasicBlock.cpp.o);llvm::BasicBlock::replaceSuccessorsPhiUsesWith(llvm::BasicBlock*);Defined DefinedKind
lib/libLLVMCore.a(Value.cpp.o);lib/libLLVMCore.a(BasicBlock.cpp.o);llvm::BasicBlock::~BasicBlock();Defined DefinedKind
lib/libLLVMCore.a(Value.cpp.o);lib/libLLVMCore.a(Constants.cpp.o);llvm::Constant::handleOperandChange(llvm::Value*, llvm::Value*);Defined DefinedKind
lib/libLLVMCore.a(Value.cpp.o);lib/libLLVMCore.a(Constants.cpp.o);llvm::UndefValue::get(llvm::Type*);Defined DefinedKind
lib/libLLVMCore.a(Value.cpp.o);lib/libLLVMCore.a(Constants.cpp.o);llvm::ConstantInt::getTrue(llvm::LLVMContext&);Defined DefinedKind
lib/libLLVMCore.a(Value.cpp.o);lib/libLLVMCore.a(Constants.cpp.o);llvm::ConstantExpr::getPtrToInt(llvm::Constant*, llvm::Type*, bool);Defined DefinedKind
lib/libLLVMCore.a(Value.cpp.o);lib/libLLVMCore.a(DataLayout.cpp.o);llvm::DataLayout::getABITypeAlign(llvm::Type*) const;Defined DefinedKind
lib/libLLVMCore.a(Value.cpp.o);lib/libLLVMCore.a(DataLayout.cpp.o);llvm::DataLayout::getPreferredAlign(llvm::GlobalVariable const*) const;Defined DefinedKind
lib/libLLVMCore.a(Value.cpp.o);lib/libLLVMCore.a(DataLayout.cpp.o);llvm::DataLayout::getIntPtrType(llvm::Type*) const;Defined DefinedKind
lib/libLLVMCore.a(Value.cpp.o);lib/libLLVMCore.a(DataLayout.cpp.o);llvm::DataLayout::getStructLayout(llvm::StructType*) const;Defined DefinedKind
lib/libLLVMCore.a(Value.cpp.o);lib/libLLVMCore.a(DataLayout.cpp.o);llvm::DataLayout::getABITypeAlignment(llvm::Type*) const;Defined DefinedKind
lib/libLLVMCore.a(Value.cpp.o);lib/libLLVMCore.a(DataLayout.cpp.o);llvm::DataLayout::getPointerSize(unsigned int) const;Defined DefinedKind
lib/libLLVMCore.a(Value.cpp.o);lib/libLLVMCore.a(Function.cpp.o);llvm::Function::recalculateIntrinsicID();Defined DefinedKind
lib/libLLVMCore.a(Value.cpp.o);lib/libLLVMCore.a(Function.cpp.o);llvm::Function::getGC[abi:cxx11]() const;Defined DefinedKind
lib/libLLVMCore.a(Value.cpp.o);lib/libLLVMCore.a(Function.cpp.o);llvm::Argument::hasSwiftErrorAttr() const;Defined DefinedKind
lib/libLLVMCore.a(Value.cpp.o);lib/libLLVMCore.a(Function.cpp.o);llvm::Argument::getParamStructRetType() const;Defined DefinedKind
lib/libLLVMCore.a(Value.cpp.o);lib/libLLVMCore.a(Function.cpp.o);llvm::Argument::hasStructRetAttr() const;Defined DefinedKind
lib/libLLVMCore.a(Value.cpp.o);lib/libLLVMCore.a(Function.cpp.o);llvm::Argument::getParamAlign() const;Defined DefinedKind
lib/libLLVMCore.a(Value.cpp.o);lib/libLLVMCore.a(Globals.cpp.o);llvm::GlobalValue::isDeclaration() const;Defined DefinedKind
lib/libLLVMCore.a(Value.cpp.o);lib/libLLVMCore.a(Globals.cpp.o);llvm::GlobalValue::isInterposable() const;Defined DefinedKind
lib/libLLVMCore.a(Value.cpp.o);lib/libLLVMCore.a(Instruction.cpp.o);llvm::Instruction::~Instruction();Defined DefinedKind
lib/libLLVMCore.a(Value.cpp.o);lib/libLLVMCore.a(Instruction.cpp.o);llvm::Instruction::getFunction() const;Defined DefinedKind
lib/libLLVMCore.a(Value.cpp.o);lib/libLLVMCore.a(Instructions.cpp.o);llvm::AllocaInst::isArrayAllocation() const;Defined DefinedKind
lib/libLLVMCore.a(Value.cpp.o);lib/libLLVMCore.a(Instructions.cpp.o);llvm::CallBase::getReturnedArgOperand() const;Defined DefinedKind
lib/libLLVMCore.a(Value.cpp.o);lib/libLLVMCore.a(LLVMContext.cpp.o);llvm::LLVMContext::shouldDiscardValueNames() const;Defined DefinedKind
lib/libLLVMCore.a(Value.cpp.o);lib/libLLVMCore.a(LLVMContextImpl.cpp.o);llvm::LLVMContextImpl::getOrInsertBundleTag(llvm::StringRef);Defined DefinedKind
lib/libLLVMCore.a(Value.cpp.o);lib/libLLVMCore.a(Metadata.cpp.o);llvm::Value::clearMetadata();Defined DefinedKind
lib/libLLVMCore.a(Value.cpp.o);lib/libLLVMCore.a(Metadata.cpp.o);llvm::ValueAsMetadata::handleDeletion(llvm::Value*);Defined DefinedKind
lib/libLLVMCore.a(Value.cpp.o);lib/libLLVMCore.a(Metadata.cpp.o);llvm::MetadataAsValue::~MetadataAsValue();Defined DefinedKind
lib/libLLVMCore.a(Value.cpp.o);lib/libLLVMCore.a(Metadata.cpp.o);llvm::ValueAsMetadata::handleRAUW(llvm::Value*, llvm::Value*);Defined DefinedKind
lib/libLLVMCore.a(Value.cpp.o);lib/libLLVMCore.a(Metadata.cpp.o);llvm::Instruction::getMetadataImpl(unsigned int) const;Defined DefinedKind
lib/libLLVMCore.a(Value.cpp.o);lib/libLLVMCore.a(Type.cpp.o);llvm::Type::isSizedDerivedType(llvm::SmallPtrSetImpl<llvm::Type*>*) const;Defined DefinedKind
lib/libLLVMCore.a(Value.cpp.o);lib/libLLVMCore.a(User.cpp.o);llvm::User::operator delete(void*);Defined DefinedKind
lib/libLLVMCore.a(Value.cpp.o);lib/libLLVMCore.a(ValueSymbolTable.cpp.o);llvm::ValueSymbolTable::removeValueName(llvm::StringMapEntry<llvm::Value*>*);Defined DefinedKind
lib/libLLVMCore.a(Value.cpp.o);lib/libLLVMCore.a(ValueSymbolTable.cpp.o);llvm::ValueSymbolTable::createValueName(llvm::StringRef, llvm::Value*);Defined DefinedKind
lib/libLLVMCore.a(Value.cpp.o);lib/libLLVMCore.a(ValueSymbolTable.cpp.o);llvm::ValueSymbolTable::reinsertValue(llvm::Value*);Defined DefinedKind
lib/libLLVMCore.a(ValueSymbolTable.cpp.o);lib/libLLVMSupport.a(MemAlloc.cpp.o);llvm::deallocate_buffer(void*, unsigned long, unsigned long);Defined DefinedKind
lib/libLLVMCore.a(ValueSymbolTable.cpp.o);lib/libLLVMSupport.a(MemAlloc.cpp.o);llvm::allocate_buffer(unsigned long, unsigned long);Defined DefinedKind
lib/libLLVMCore.a(ValueSymbolTable.cpp.o);lib/libLLVMSupport.a(StringMap.cpp.o);llvm::StringMapImpl::RemoveKey(llvm::StringMapEntryBase*);Defined DefinedKind
lib/libLLVMCore.a(ValueSymbolTable.cpp.o);lib/libLLVMSupport.a(StringMap.cpp.o);llvm::StringMapImpl::LookupBucketFor(llvm::StringRef);Defined DefinedKind
lib/libLLVMCore.a(ValueSymbolTable.cpp.o);lib/libLLVMSupport.a(StringMap.cpp.o);llvm::StringMapImpl::RehashTable(unsigned int);Defined DefinedKind
lib/libLLVMCore.a(ValueSymbolTable.cpp.o);lib/libLLVMSupport.a(Triple.cpp.o);llvm::Triple::Triple(llvm::Twine const&);Defined DefinedKind
lib/libLLVMCore.a(ValueSymbolTable.cpp.o);lib/libLLVMSupport.a(raw_ostream.cpp.o);llvm::raw_ostream::SetBufferAndMode(char*, unsigned long, llvm::raw_ostream::BufferKind);Defined DefinedKind
lib/libLLVMCore.a(ValueSymbolTable.cpp.o);lib/libLLVMSupport.a(raw_ostream.cpp.o);llvm::raw_ostream::operator<<(unsigned long);Defined DefinedKind
lib/libLLVMCore.a(ValueSymbolTable.cpp.o);lib/libLLVMSupport.a(raw_ostream.cpp.o);llvm::raw_ostream::~raw_ostream();Defined DefinedKind
lib/libLLVMCore.a(ValueSymbolTable.cpp.o);lib/libLLVMSupport.a(raw_ostream.cpp.o);llvm::raw_ostream::write(char const*, unsigned long);Defined DefinedKind
lib/libLLVMCore.a(ValueSymbolTable.cpp.o);lib/libLLVMCore.a(Value.cpp.o);llvm::Value::getValueName() const;Defined DefinedKind
lib/libLLVMCore.a(ValueSymbolTable.cpp.o);lib/libLLVMCore.a(Value.cpp.o);llvm::Value::getName() const;Defined DefinedKind
lib/libLLVMCore.a(ValueSymbolTable.cpp.o);lib/libLLVMCore.a(Value.cpp.o);llvm::Value::setValueName(llvm::StringMapEntry<llvm::Value*>*);Defined DefinedKind
lib/libLLVMCore.a(Verifier.cpp.o);lib/libLLVMSupport.a(CommandLine.cpp.o);llvm::cl::GenericOptionValue::anchor();Defined DefinedKind
lib/libLLVMCore.a(Verifier.cpp.o);lib/libLLVMSupport.a(CommandLine.cpp.o);llvm::cl::Option::addArgument();Defined DefinedKind
lib/libLLVMCore.a(Verifier.cpp.o);lib/libLLVMSupport.a(CommandLine.cpp.o);llvm::cl::Option::setArgStr(llvm::StringRef);Defined DefinedKind
lib/libLLVMCore.a(Verifier.cpp.o);lib/libLLVMSupport.a(CommandLine.cpp.o);llvm::cl::GeneralCategory;Defined DefinedKind
lib/libLLVMCore.a(Verifier.cpp.o);lib/libLLVMSupport.a(ErrorHandling.cpp.o);llvm::report_fatal_error(char const*, bool);Defined DefinedKind
lib/libLLVMCore.a(Verifier.cpp.o);lib/libLLVMSupport.a(MemAlloc.cpp.o);llvm::allocate_buffer(unsigned long, unsigned long);Defined DefinedKind
lib/libLLVMCore.a(Verifier.cpp.o);lib/libLLVMSupport.a(MemAlloc.cpp.o);llvm::deallocate_buffer(void*, unsigned long, unsigned long);Defined DefinedKind
lib/libLLVMCore.a(Verifier.cpp.o);lib/libLLVMSupport.a(SmallPtrSet.cpp.o);llvm::SmallPtrSetImplBase::shrink_and_clear();Defined DefinedKind
lib/libLLVMCore.a(Verifier.cpp.o);lib/libLLVMSupport.a(SmallPtrSet.cpp.o);llvm::SmallPtrSetImplBase::FindBucketFor(void const*) const;Defined DefinedKind
lib/libLLVMCore.a(Verifier.cpp.o);lib/libLLVMSupport.a(SmallPtrSet.cpp.o);llvm::SmallPtrSetImplBase::insert_imp_big(void const*);Defined DefinedKind
lib/libLLVMCore.a(Verifier.cpp.o);lib/libLLVMSupport.a(StringRef.cpp.o);llvm::getAsUnsignedInteger(llvm::StringRef, unsigned int, unsigned long long&);Defined DefinedKind
lib/libLLVMCore.a(Verifier.cpp.o);lib/libLLVMSupport.a(APFloat.cpp.o);llvm::APFloatBase::PPCDoubleDouble();Defined DefinedKind
lib/libLLVMCore.a(Verifier.cpp.o);lib/libLLVMSupport.a(APFloat.cpp.o);llvm::APFloatBase::IEEEsingle();Defined DefinedKind
lib/libLLVMCore.a(Verifier.cpp.o);lib/libLLVMSupport.a(APInt.cpp.o);llvm::APInt::compareSigned(llvm::APInt const&) const;Defined DefinedKind
lib/libLLVMCore.a(Verifier.cpp.o);lib/libLLVMSupport.a(APInt.cpp.o);llvm::APInt::initSlowCase(llvm::APInt const&);Defined DefinedKind
lib/libLLVMCore.a(Verifier.cpp.o);lib/libLLVMSupport.a(APInt.cpp.o);llvm::APInt::EqualSlowCase(llvm::APInt const&) const;Defined DefinedKind
lib/libLLVMCore.a(Verifier.cpp.o);lib/libLLVMSupport.a(APInt.cpp.o);llvm::APInt::AssignSlowCase(llvm::APInt const&);Defined DefinedKind
lib/libLLVMCore.a(Verifier.cpp.o);lib/libLLVMSupport.a(APInt.cpp.o);llvm::APInt::countTrailingOnesSlowCase() const;Defined DefinedKind
lib/libLLVMCore.a(Verifier.cpp.o);lib/libLLVMSupport.a(APInt.cpp.o);llvm::APInt::operator-=(llvm::APInt const&);Defined DefinedKind
lib/libLLVMCore.a(Verifier.cpp.o);lib/libLLVMSupport.a(APInt.cpp.o);llvm::APInt::compare(llvm::APInt const&) const;Defined DefinedKind
lib/libLLVMCore.a(Verifier.cpp.o);lib/libLLVMSupport.a(APInt.cpp.o);llvm::APInt::countLeadingOnesSlowCase() const;Defined DefinedKind
lib/libLLVMCore.a(Verifier.cpp.o);lib/libLLVMSupport.a(APInt.cpp.o);llvm::APInt::countPopulationSlowCase() const;Defined DefinedKind
lib/libLLVMCore.a(Verifier.cpp.o);lib/libLLVMSupport.a(APInt.cpp.o);llvm::APInt::countLeadingZerosSlowCase() const;Defined DefinedKind
lib/libLLVMCore.a(Verifier.cpp.o);lib/libLLVMSupport.a(APInt.cpp.o);llvm::APInt::print(llvm::raw_ostream&, bool) const;Defined DefinedKind
lib/libLLVMCore.a(Verifier.cpp.o);lib/libLLVMSupport.a(Triple.cpp.o);llvm::Triple::Triple(llvm::Twine const&);Defined DefinedKind
lib/libLLVMCore.a(Verifier.cpp.o);lib/libLLVMSupport.a(Twine.cpp.o);llvm::Twine::print(llvm::raw_ostream&) const;Defined DefinedKind
lib/libLLVMCore.a(Verifier.cpp.o);lib/libLLVMSupport.a(TypeSize.cpp.o);llvm::TypeSize::operator unsigned long() const;Defined DefinedKind
lib/libLLVMCore.a(Verifier.cpp.o);lib/libLLVMSupport.a(raw_ostream.cpp.o);llvm::raw_ostream::write(unsigned char);Defined DefinedKind
lib/libLLVMCore.a(Verifier.cpp.o);lib/libLLVMSupport.a(raw_ostream.cpp.o);llvm::raw_ostream::write(char const*, unsigned long);Defined DefinedKind
lib/libLLVMCore.a(Verifier.cpp.o);lib/libLLVMSupport.a(raw_ostream.cpp.o);llvm::raw_ostream::operator<<(unsigned long);Defined DefinedKind
lib/libLLVMCore.a(Verifier.cpp.o);lib/libLLVMSupport.a(raw_ostream.cpp.o);llvm::errs();Defined DefinedKind
lib/libLLVMCore.a(Verifier.cpp.o);lib/libLLVMCore.a(Attributes.cpp.o);llvm::AttributeSet::get(llvm::LLVMContext&, llvm::AttrBuilder const&);Defined DefinedKind
lib/libLLVMCore.a(Verifier.cpp.o);lib/libLLVMCore.a(Attributes.cpp.o);llvm::AttributeList::begin() const;Defined DefinedKind
lib/libLLVMCore.a(Verifier.cpp.o);lib/libLLVMCore.a(Attributes.cpp.o);llvm::AttributeSet::getPreallocatedType() const;Defined DefinedKind
lib/libLLVMCore.a(Verifier.cpp.o);lib/libLLVMCore.a(Attributes.cpp.o);llvm::AttributeSet::getInAllocaType() const;Defined DefinedKind
lib/libLLVMCore.a(Verifier.cpp.o);lib/libLLVMCore.a(Attributes.cpp.o);llvm::AttributeSet::getByRefType() const;Defined DefinedKind
lib/libLLVMCore.a(Verifier.cpp.o);lib/libLLVMCore.a(Attributes.cpp.o);llvm::AttributeSet::getByValType() const;Defined DefinedKind
lib/libLLVMCore.a(Verifier.cpp.o);lib/libLLVMCore.a(Attributes.cpp.o);llvm::AttrBuilder::overlaps(llvm::AttrBuilder const&) const;Defined DefinedKind
lib/libLLVMCore.a(Verifier.cpp.o);lib/libLLVMCore.a(Attributes.cpp.o);llvm::AttrBuilder::AttrBuilder(llvm::AttributeSet);Defined DefinedKind
lib/libLLVMCore.a(Verifier.cpp.o);lib/libLLVMCore.a(Attributes.cpp.o);llvm::AttributeFuncs::typeIncompatible(llvm::Type*);Defined DefinedKind
lib/libLLVMCore.a(Verifier.cpp.o);lib/libLLVMCore.a(Attributes.cpp.o);llvm::AttributeSet::getNumAttributes() const;Defined DefinedKind
lib/libLLVMCore.a(Verifier.cpp.o);lib/libLLVMCore.a(Attributes.cpp.o);llvm::AttributeSet::hasAttribute(llvm::Attribute::AttrKind) const;Defined DefinedKind
lib/libLLVMCore.a(Verifier.cpp.o);lib/libLLVMCore.a(Attributes.cpp.o);llvm::Attribute::getKindAsString() const;Defined DefinedKind
lib/libLLVMCore.a(Verifier.cpp.o);lib/libLLVMCore.a(Attributes.cpp.o);llvm::AttributeSet::getAsString[abi:cxx11](bool) const;Defined DefinedKind
lib/libLLVMCore.a(Verifier.cpp.o);lib/libLLVMCore.a(Attributes.cpp.o);llvm::AttributeList::getRetAttributes() const;Defined DefinedKind
lib/libLLVMCore.a(Verifier.cpp.o);lib/libLLVMCore.a(Attributes.cpp.o);llvm::AttributeList::hasParentContext(llvm::LLVMContext&) const;Defined DefinedKind
lib/libLLVMCore.a(Verifier.cpp.o);lib/libLLVMCore.a(Attributes.cpp.o);llvm::Attribute::isStringAttribute() const;Defined DefinedKind
lib/libLLVMCore.a(Verifier.cpp.o);lib/libLLVMCore.a(Attributes.cpp.o);llvm::AttributeList::end() const;Defined DefinedKind
lib/libLLVMCore.a(Verifier.cpp.o);lib/libLLVMCore.a(Attributes.cpp.o);llvm::AttributeSet::hasParentContext(llvm::LLVMContext&) const;Defined DefinedKind
lib/libLLVMCore.a(Verifier.cpp.o);lib/libLLVMCore.a(Attributes.cpp.o);llvm::Attribute::hasParentContext(llvm::LLVMContext&) const;Defined DefinedKind
lib/libLLVMCore.a(Verifier.cpp.o);lib/libLLVMCore.a(Attributes.cpp.o);llvm::AttributeList::print(llvm::raw_ostream&) const;Defined DefinedKind
lib/libLLVMCore.a(Verifier.cpp.o);lib/libLLVMCore.a(Attributes.cpp.o);llvm::AttributeList::getParamAttributes(unsigned int) const;Defined DefinedKind
lib/libLLVMCore.a(Verifier.cpp.o);lib/libLLVMCore.a(Attributes.cpp.o);llvm::AttributeList::hasAttributes(unsigned int) const;Defined DefinedKind
lib/libLLVMCore.a(Verifier.cpp.o);lib/libLLVMCore.a(Attributes.cpp.o);llvm::AttributeList::getFnAttributes() const;Defined DefinedKind
lib/libLLVMCore.a(Verifier.cpp.o);lib/libLLVMCore.a(Attributes.cpp.o);llvm::AttributeList::hasFnAttribute(llvm::Attribute::AttrKind) const;Defined DefinedKind
lib/libLLVMCore.a(Verifier.cpp.o);lib/libLLVMCore.a(Attributes.cpp.o);llvm::AttributeList::getAllocSizeArgs(unsigned int) const;Defined DefinedKind
lib/libLLVMCore.a(Verifier.cpp.o);lib/libLLVMCore.a(Attributes.cpp.o);llvm::AttributeList::getVScaleRangeArgs(unsigned int) const;Defined DefinedKind
lib/libLLVMCore.a(Verifier.cpp.o);lib/libLLVMCore.a(Attributes.cpp.o);llvm::AttrBuilder::addAlignmentAttr(llvm::MaybeAlign);Defined DefinedKind
lib/libLLVMCore.a(Verifier.cpp.o);lib/libLLVMCore.a(Attributes.cpp.o);llvm::AttributeList::getParamAlignment(unsigned int) const;Defined DefinedKind
lib/libLLVMCore.a(Verifier.cpp.o);lib/libLLVMCore.a(Attributes.cpp.o);llvm::Attribute::getAttrKindFromName(llvm::StringRef);Defined DefinedKind
lib/libLLVMCore.a(Verifier.cpp.o);lib/libLLVMCore.a(Attributes.cpp.o);llvm::Attribute::isExistingAttribute(llvm::StringRef);Defined DefinedKind
lib/libLLVMCore.a(Verifier.cpp.o);lib/libLLVMCore.a(Attributes.cpp.o);llvm::AttrBuilder::operator==(llvm::AttrBuilder const&) const;Defined DefinedKind
lib/libLLVMCore.a(Verifier.cpp.o);lib/libLLVMCore.a(Attributes.cpp.o);llvm::AttributeList::getNumAttrSets() const;Defined DefinedKind
lib/libLLVMCore.a(Verifier.cpp.o);lib/libLLVMCore.a(Attributes.cpp.o);llvm::Attribute::getAsString[abi:cxx11](bool) const;Defined DefinedKind
lib/libLLVMCore.a(Verifier.cpp.o);lib/libLLVMCore.a(Attributes.cpp.o);llvm::Attribute::getValueAsString() const;Defined DefinedKind
lib/libLLVMCore.a(Verifier.cpp.o);lib/libLLVMCore.a(Attributes.cpp.o);llvm::AttributeList::getAttribute(unsigned int, llvm::StringRef) const;Defined DefinedKind
lib/libLLVMCore.a(Verifier.cpp.o);lib/libLLVMCore.a(Attributes.cpp.o);llvm::AttributeList::hasFnAttribute(llvm::StringRef) const;Defined DefinedKind
lib/libLLVMCore.a(Verifier.cpp.o);lib/libLLVMCore.a(Attributes.cpp.o);llvm::AttributeList::hasParamAttribute(unsigned int, llvm::Attribute::AttrKind) const;Defined DefinedKind
lib/libLLVMCore.a(Verifier.cpp.o);lib/libLLVMCore.a(Attributes.cpp.o);llvm::AttributeSet::begin() const;Defined DefinedKind
lib/libLLVMCore.a(Verifier.cpp.o);lib/libLLVMCore.a(Attributes.cpp.o);llvm::AttributeSet::end() const;Defined DefinedKind
lib/libLLVMCore.a(Verifier.cpp.o);lib/libLLVMCore.a(Attributes.cpp.o);llvm::Attribute::isIntAttribute() const;Defined DefinedKind
lib/libLLVMCore.a(Verifier.cpp.o);lib/libLLVMCore.a(Attributes.cpp.o);llvm::Attribute::getKindAsEnum() const;Defined DefinedKind
lib/libLLVMCore.a(Verifier.cpp.o);lib/libLLVMCore.a(Attributes.cpp.o);llvm::Attribute::doesAttrKindHaveArgument(llvm::Attribute::AttrKind);Defined DefinedKind
lib/libLLVMCore.a(Verifier.cpp.o);lib/libLLVMCore.a(AsmWriter.cpp.o);llvm::Value::print(llvm::raw_ostream&, llvm::ModuleSlotTracker&, bool) const;Defined DefinedKind
lib/libLLVMCore.a(Verifier.cpp.o);lib/libLLVMCore.a(AsmWriter.cpp.o);llvm::Value::printAsOperand(llvm::raw_ostream&, bool, llvm::ModuleSlotTracker&) const;Defined DefinedKind
lib/libLLVMCore.a(Verifier.cpp.o);lib/libLLVMCore.a(AsmWriter.cpp.o);llvm::NamedMDNode::print(llvm::raw_ostream&, llvm::ModuleSlotTracker&, bool) const;Defined DefinedKind
lib/libLLVMCore.a(Verifier.cpp.o);lib/libLLVMCore.a(AsmWriter.cpp.o);llvm::Metadata::print(llvm::raw_ostream&, llvm::ModuleSlotTracker&, llvm::Module const*, bool) const;Defined DefinedKind
lib/libLLVMCore.a(Verifier.cpp.o);lib/libLLVMCore.a(AsmWriter.cpp.o);llvm::ModuleSlotTracker::ModuleSlotTracker(llvm::Module const*, bool);Defined DefinedKind
lib/libLLVMCore.a(Verifier.cpp.o);lib/libLLVMCore.a(AsmWriter.cpp.o);llvm::Type::print(llvm::raw_ostream&, bool, bool) const;Defined DefinedKind
lib/libLLVMCore.a(Verifier.cpp.o);lib/libLLVMCore.a(AsmWriter.cpp.o);llvm::ModuleSlotTracker::~ModuleSlotTracker();Defined DefinedKind
lib/libLLVMCore.a(Verifier.cpp.o);lib/libLLVMCore.a(BasicBlock.cpp.o);llvm::BasicBlock::getLandingPadInst() const;Defined DefinedKind
lib/libLLVMCore.a(Verifier.cpp.o);lib/libLLVMCore.a(BasicBlock.cpp.o);llvm::BasicBlock::getFirstNonPHI() const;Defined DefinedKind
lib/libLLVMCore.a(Verifier.cpp.o);lib/libLLVMCore.a(BasicBlock.cpp.o);llvm::BasicBlock::phis();Defined DefinedKind
lib/libLLVMCore.a(Verifier.cpp.o);lib/libLLVMCore.a(BasicBlock.cpp.o);llvm::BasicBlock::getUniquePredecessor() const;Defined DefinedKind
lib/libLLVMCore.a(Verifier.cpp.o);lib/libLLVMCore.a(BasicBlock.cpp.o);llvm::BasicBlock::getTerminator() const;Defined DefinedKind
lib/libLLVMCore.a(Verifier.cpp.o);lib/libLLVMCore.a(Comdat.cpp.o);llvm::Comdat::getName() const;Defined DefinedKind
lib/libLLVMCore.a(Verifier.cpp.o);lib/libLLVMCore.a(ConstantRange.cpp.o);llvm::ConstantRange::ConstantRange(unsigned int, bool);Defined DefinedKind
lib/libLLVMCore.a(Verifier.cpp.o);lib/libLLVMCore.a(ConstantRange.cpp.o);llvm::ConstantRange::ConstantRange(llvm::APInt, llvm::APInt);Defined DefinedKind
lib/libLLVMCore.a(Verifier.cpp.o);lib/libLLVMCore.a(ConstantRange.cpp.o);llvm::ConstantRange::isEmptySet() const;Defined DefinedKind
lib/libLLVMCore.a(Verifier.cpp.o);lib/libLLVMCore.a(ConstantRange.cpp.o);llvm::ConstantRange::isFullSet() const;Defined DefinedKind
lib/libLLVMCore.a(Verifier.cpp.o);lib/libLLVMCore.a(ConstantRange.cpp.o);llvm::ConstantRange::intersectWith(llvm::ConstantRange const&, llvm::ConstantRange::PreferredRangeType) const;Defined DefinedKind
lib/libLLVMCore.a(Verifier.cpp.o);lib/libLLVMCore.a(Constants.cpp.o);llvm::BlockAddress::lookup(llvm::BasicBlock const*);Defined DefinedKind
lib/libLLVMCore.a(Verifier.cpp.o);lib/libLLVMCore.a(Constants.cpp.o);llvm::Constant::isConstantUsed() const;Defined DefinedKind
lib/libLLVMCore.a(Verifier.cpp.o);lib/libLLVMCore.a(Constants.cpp.o);llvm::Constant::isNullValue() const;Defined DefinedKind
lib/libLLVMCore.a(Verifier.cpp.o);lib/libLLVMCore.a(Constants.cpp.o);llvm::ConstantTokenNone::get(llvm::LLVMContext&);Defined DefinedKind
lib/libLLVMCore.a(Verifier.cpp.o);lib/libLLVMCore.a(DataLayout.cpp.o);llvm::DataLayout::getPointerSize(unsigned int) const;Defined DefinedKind
lib/libLLVMCore.a(Verifier.cpp.o);lib/libLLVMCore.a(DataLayout.cpp.o);llvm::DataLayout::getStructLayout(llvm::StructType*) const;Defined DefinedKind
lib/libLLVMCore.a(Verifier.cpp.o);lib/libLLVMCore.a(DataLayout.cpp.o);llvm::DataLayout::getABITypeAlignment(llvm::Type*) const;Defined DefinedKind
lib/libLLVMCore.a(Verifier.cpp.o);lib/libLLVMCore.a(DebugInfoMetadata.cpp.o);llvm::DIVariable::getSizeInBits() const;Defined DefinedKind
lib/libLLVMCore.a(Verifier.cpp.o);lib/libLLVMCore.a(DebugInfoMetadata.cpp.o);llvm::DISubrange::getCount() const;Defined DefinedKind
lib/libLLVMCore.a(Verifier.cpp.o);lib/libLLVMCore.a(DebugInfoMetadata.cpp.o);llvm::DISubprogram::describes(llvm::Function const*) const;Defined DefinedKind
lib/libLLVMCore.a(Verifier.cpp.o);lib/libLLVMCore.a(DebugInfoMetadata.cpp.o);llvm::DIExpression::isValid() const;Defined DefinedKind
lib/libLLVMCore.a(Verifier.cpp.o);lib/libLLVMCore.a(DebugInfoMetadata.cpp.o);llvm::DIExpression::getFragmentInfo(llvm::DIExpression::expr_op_iterator, llvm::DIExpression::expr_op_iterator);Defined DefinedKind
lib/libLLVMCore.a(Verifier.cpp.o);lib/libLLVMCore.a(DebugInfoMetadata.cpp.o);llvm::DILocalScope::getSubprogram() const;Defined DefinedKind
lib/libLLVMCore.a(Verifier.cpp.o);lib/libLLVMCore.a(DebugLoc.cpp.o);llvm::DebugLoc::get() const;Defined DefinedKind
lib/libLLVMCore.a(Verifier.cpp.o);lib/libLLVMCore.a(Function.cpp.o);llvm::Intrinsic::getIntrinsicInfoTableEntries(unsigned int, llvm::SmallVectorImpl<llvm::Intrinsic::IITDescriptor>&);Defined DefinedKind
lib/libLLVMCore.a(Verifier.cpp.o);lib/libLLVMCore.a(Function.cpp.o);llvm::Argument::hasSwiftErrorAttr() const;Defined DefinedKind
lib/libLLVMCore.a(Verifier.cpp.o);lib/libLLVMCore.a(Function.cpp.o);llvm::Intrinsic::matchIntrinsicVarArg(bool, llvm::ArrayRef<llvm::Intrinsic::IITDescriptor>&);Defined DefinedKind
lib/libLLVMCore.a(Verifier.cpp.o);lib/libLLVMCore.a(Function.cpp.o);llvm::Intrinsic::getName[abi:cxx11](unsigned int, llvm::ArrayRef<llvm::Type*>, llvm::Module*, llvm::FunctionType*);Defined DefinedKind
lib/libLLVMCore.a(Verifier.cpp.o);lib/libLLVMCore.a(Function.cpp.o);llvm::Function::getContext() const;Defined DefinedKind
lib/libLLVMCore.a(Verifier.cpp.o);lib/libLLVMCore.a(Function.cpp.o);llvm::Intrinsic::matchIntrinsicSignature(llvm::FunctionType*, llvm::ArrayRef<llvm::Intrinsic::IITDescriptor>&, llvm::SmallVectorImpl<llvm::Type*>&);Defined DefinedKind
lib/libLLVMCore.a(Verifier.cpp.o);lib/libLLVMCore.a(Function.cpp.o);llvm::Function::BuildLazyArguments() const;Defined DefinedKind
lib/libLLVMCore.a(Verifier.cpp.o);lib/libLLVMCore.a(Function.cpp.o);llvm::Function::hasAddressTaken(llvm::User const**, bool, bool, bool) const;Defined DefinedKind
lib/libLLVMCore.a(Verifier.cpp.o);lib/libLLVMCore.a(Function.cpp.o);llvm::Function::getPersonalityFn() const;Defined DefinedKind
lib/libLLVMCore.a(Verifier.cpp.o);lib/libLLVMCore.a(Globals.cpp.o);llvm::GlobalValue::isDeclaration() const;Defined DefinedKind
lib/libLLVMCore.a(Verifier.cpp.o);lib/libLLVMCore.a(Globals.cpp.o);llvm::GlobalValue::isInterposable() const;Defined DefinedKind
lib/libLLVMCore.a(Verifier.cpp.o);lib/libLLVMCore.a(Globals.cpp.o);llvm::GlobalValue::getComdat() const;Defined DefinedKind
lib/libLLVMCore.a(Verifier.cpp.o);lib/libLLVMCore.a(Instruction.cpp.o);llvm::Instruction::getFunction() const;Defined DefinedKind
lib/libLLVMCore.a(Verifier.cpp.o);lib/libLLVMCore.a(Instruction.cpp.o);llvm::Instruction::isAtomic() const;Defined DefinedKind
lib/libLLVMCore.a(Verifier.cpp.o);lib/libLLVMCore.a(Instructions.cpp.o);llvm::CallBase::paramHasAttr(unsigned int, llvm::Attribute::AttrKind) const;Defined DefinedKind
lib/libLLVMCore.a(Verifier.cpp.o);lib/libLLVMCore.a(Instructions.cpp.o);llvm::CallBase::hasReadingOperandBundles() const;Defined DefinedKind
lib/libLLVMCore.a(Verifier.cpp.o);lib/libLLVMCore.a(Instructions.cpp.o);llvm::ShuffleVectorInst::isValidOperands(llvm::Value const*, llvm::Value const*, llvm::ArrayRef<int>);Defined DefinedKind
lib/libLLVMCore.a(Verifier.cpp.o);lib/libLLVMCore.a(Instructions.cpp.o);llvm::ExtractValueInst::getIndexedType(llvm::Type*, llvm::ArrayRef<unsigned int>);Defined DefinedKind
lib/libLLVMCore.a(Verifier.cpp.o);lib/libLLVMCore.a(Instructions.cpp.o);llvm::CallBase::isMustTailCall() const;Defined DefinedKind
lib/libLLVMCore.a(Verifier.cpp.o);lib/libLLVMCore.a(Instructions.cpp.o);llvm::CallBase::getNumSubclassExtraOperandsDynamic() const;Defined DefinedKind
lib/libLLVMCore.a(Verifier.cpp.o);lib/libLLVMCore.a(Instructions.cpp.o);llvm::AtomicRMWInst::getOperationName(llvm::AtomicRMWInst::BinOp);Defined DefinedKind
lib/libLLVMCore.a(Verifier.cpp.o);lib/libLLVMCore.a(Instructions.cpp.o);llvm::GetElementPtrInst::getIndexedType(llvm::Type*, llvm::ArrayRef<llvm::Value*>);Defined DefinedKind
lib/libLLVMCore.a(Verifier.cpp.o);lib/libLLVMCore.a(Instructions.cpp.o);llvm::InsertElementInst::isValidOperands(llvm::Value const*, llvm::Value const*, llvm::Value const*);Defined DefinedKind
lib/libLLVMCore.a(Verifier.cpp.o);lib/libLLVMCore.a(Instructions.cpp.o);llvm::CastInst::castIsValid(llvm::Instruction::CastOps, llvm::Type*, llvm::Type*);Defined DefinedKind
lib/libLLVMCore.a(Verifier.cpp.o);lib/libLLVMCore.a(Instructions.cpp.o);llvm::SelectInst::areInvalidOperands(llvm::Value*, llvm::Value*, llvm::Value*);Defined DefinedKind
lib/libLLVMCore.a(Verifier.cpp.o);lib/libLLVMCore.a(Instructions.cpp.o);llvm::ExtractElementInst::isValidOperands(llvm::Value const*, llvm::Value const*);Defined DefinedKind
lib/libLLVMCore.a(Verifier.cpp.o);lib/libLLVMCore.a(Instructions.cpp.o);llvm::CallBase::hasFnAttrOnCalledFunction(llvm::Attribute::AttrKind) const;Defined DefinedKind
lib/libLLVMCore.a(Verifier.cpp.o);lib/libLLVMCore.a(Instructions.cpp.o);llvm::AllocaInst::isStaticAlloca() const;Defined DefinedKind
lib/libLLVMCore.a(Verifier.cpp.o);lib/libLLVMCore.a(Instructions.cpp.o);llvm::CallBase::getCaller();Defined DefinedKind
lib/libLLVMCore.a(Verifier.cpp.o);lib/libLLVMCore.a(IntrinsicInst.cpp.o);llvm::GCProjectionInst::getStatepoint() const;Defined DefinedKind
lib/libLLVMCore.a(Verifier.cpp.o);lib/libLLVMCore.a(IntrinsicInst.cpp.o);llvm::ConstrainedFPCmpIntrinsic::getPredicate() const;Defined DefinedKind
lib/libLLVMCore.a(Verifier.cpp.o);lib/libLLVMCore.a(IntrinsicInst.cpp.o);llvm::GCRelocateInst::getDerivedPtr() const;Defined DefinedKind
lib/libLLVMCore.a(Verifier.cpp.o);lib/libLLVMCore.a(IntrinsicInst.cpp.o);llvm::ConstrainedFPIntrinsic::getExceptionBehavior() const;Defined DefinedKind
lib/libLLVMCore.a(Verifier.cpp.o);lib/libLLVMCore.a(IntrinsicInst.cpp.o);llvm::ConstrainedFPIntrinsic::getRoundingMode() const;Defined DefinedKind
lib/libLLVMCore.a(Verifier.cpp.o);lib/libLLVMCore.a(LLVMContext.cpp.o);llvm::LLVMContext::isODRUniquingDebugTypes() const;Defined DefinedKind
lib/libLLVMCore.a(Verifier.cpp.o);lib/libLLVMCore.a(Metadata.cpp.o);llvm::NamedMDNode::getNumOperands() const;Defined DefinedKind
lib/libLLVMCore.a(Verifier.cpp.o);lib/libLLVMCore.a(Metadata.cpp.o);llvm::NamedMDNode::getName() const;Defined DefinedKind
lib/libLLVMCore.a(Verifier.cpp.o);lib/libLLVMCore.a(Metadata.cpp.o);llvm::Value::getMetadata(unsigned int, llvm::SmallVectorImpl<llvm::MDNode*>&) const;Defined DefinedKind
lib/libLLVMCore.a(Verifier.cpp.o);lib/libLLVMCore.a(Metadata.cpp.o);llvm::NamedMDNode::getOperand(unsigned int) const;Defined DefinedKind
lib/libLLVMCore.a(Verifier.cpp.o);lib/libLLVMCore.a(Metadata.cpp.o);llvm::Value::getAllMetadata(llvm::SmallVectorImpl<std::pair<unsigned int, llvm::MDNode*> >&) const;Defined DefinedKind
lib/libLLVMCore.a(Verifier.cpp.o);lib/libLLVMCore.a(Metadata.cpp.o);llvm::Instruction::getAllMetadataImpl(llvm::SmallVectorImpl<std::pair<unsigned int, llvm::MDNode*> >&) const;Defined DefinedKind
lib/libLLVMCore.a(Verifier.cpp.o);lib/libLLVMCore.a(Metadata.cpp.o);llvm::Function::getSubprogram() const;Defined DefinedKind
lib/libLLVMCore.a(Verifier.cpp.o);lib/libLLVMCore.a(Metadata.cpp.o);llvm::MDString::getString() const;Defined DefinedKind
lib/libLLVMCore.a(Verifier.cpp.o);lib/libLLVMCore.a(Metadata.cpp.o);llvm::Instruction::getMetadataImpl(unsigned int) const;Defined DefinedKind
lib/libLLVMCore.a(Verifier.cpp.o);lib/libLLVMCore.a(Module.cpp.o);llvm::Module::getDataLayout() const;Defined DefinedKind
lib/libLLVMCore.a(Verifier.cpp.o);lib/libLLVMCore.a(Module.cpp.o);llvm::Module::isValidModFlagBehavior(llvm::Metadata*, llvm::Module::ModFlagBehavior&);Defined DefinedKind
lib/libLLVMCore.a(Verifier.cpp.o);lib/libLLVMCore.a(Module.cpp.o);llvm::Module::getNamedValue(llvm::StringRef) const;Defined DefinedKind
lib/libLLVMCore.a(Verifier.cpp.o);lib/libLLVMCore.a(Module.cpp.o);llvm::Module::getNamedMetadata(llvm::Twine const&) const;Defined DefinedKind
lib/libLLVMCore.a(Verifier.cpp.o);lib/libLLVMCore.a(Module.cpp.o);llvm::Module::getModuleFlagsMetadata() const;Defined DefinedKind
lib/libLLVMCore.a(Verifier.cpp.o);lib/libLLVMCore.a(Type.cpp.o);llvm::Type::isIntegerTy(unsigned int) const;Defined DefinedKind
lib/libLLVMCore.a(Verifier.cpp.o);lib/libLLVMCore.a(Type.cpp.o);llvm::Type::isSizedDerivedType(llvm::SmallPtrSetImpl<llvm::Type*>*) const;Defined DefinedKind
lib/libLLVMCore.a(Verifier.cpp.o);lib/libLLVMCore.a(Type.cpp.o);llvm::Type::getPointerTo(unsigned int) const;Defined DefinedKind
lib/libLLVMCore.a(Verifier.cpp.o);lib/libLLVMCore.a(Type.cpp.o);llvm::FunctionType::get(llvm::Type*, bool);Defined DefinedKind
lib/libLLVMCore.a(Verifier.cpp.o);lib/libLLVMCore.a(Type.cpp.o);llvm::Type::getVoidTy(llvm::LLVMContext&);Defined DefinedKind
lib/libLLVMCore.a(Verifier.cpp.o);lib/libLLVMCore.a(Type.cpp.o);llvm::Type::getScalarSizeInBits() const;Defined DefinedKind
lib/libLLVMCore.a(Verifier.cpp.o);lib/libLLVMCore.a(Type.cpp.o);llvm::StructType::containsScalableVectorType() const;Defined DefinedKind
lib/libLLVMCore.a(Verifier.cpp.o);lib/libLLVMCore.a(Type.cpp.o);llvm::Type::canLosslesslyBitCastTo(llvm::Type*) const;Defined DefinedKind
lib/libLLVMCore.a(Verifier.cpp.o);lib/libLLVMCore.a(User.cpp.o);llvm::User::getDescriptor();Defined DefinedKind
lib/libLLVMCore.a(Verifier.cpp.o);lib/libLLVMCore.a(Value.cpp.o);llvm::Value::getName() const;Defined DefinedKind
lib/libLLVMCore.a(Verifier.cpp.o);lib/libLLVMCore.a(Value.cpp.o);llvm::Value::getContext() const;Defined DefinedKind
lib/libLLVMCore.a(Verifier.cpp.o);lib/libLLVMCore.a(Value.cpp.o);llvm::Value::stripPointerCasts() const;Defined DefinedKind
lib/libLLVMCore.a(Verifier.cpp.o);lib/libLLVMCore.a(Value.cpp.o);llvm::Value::stripInBoundsOffsets(llvm::function_ref<void (llvm::Value const*)>) const;Defined DefinedKind
lib/libLLVMCore.a(Verifier.cpp.o);lib/libLLVMCore.a(Dominators.cpp.o);llvm::DominatorTree::dominates(llvm::Value const*, llvm::Instruction const*) const;Defined DefinedKind
lib/libLLVMCore.a(Verifier.cpp.o);lib/libLLVMCore.a(Dominators.cpp.o);llvm::DominatorTree::dominates(llvm::Value const*, llvm::Use const&) const;Defined DefinedKind
lib/libLLVMCore.a(PassRegistry.cpp.o);lib/libLLVMSupport.a(ManagedStatic.cpp.o);llvm::ManagedStaticBase::RegisterManagedStatic(void* (*)(), void (*)(void*)) const;Defined DefinedKind
lib/libLLVMCore.a(PassRegistry.cpp.o);lib/libLLVMSupport.a(MemAlloc.cpp.o);llvm::deallocate_buffer(void*, unsigned long, unsigned long);Defined DefinedKind
lib/libLLVMCore.a(PassRegistry.cpp.o);lib/libLLVMSupport.a(MemAlloc.cpp.o);llvm::allocate_buffer(unsigned long, unsigned long);Defined DefinedKind
lib/libLLVMCore.a(PassRegistry.cpp.o);lib/libLLVMSupport.a(StringMap.cpp.o);llvm::StringMapImpl::FindKey(llvm::StringRef) const;Defined DefinedKind
lib/libLLVMCore.a(PassRegistry.cpp.o);lib/libLLVMSupport.a(StringMap.cpp.o);llvm::StringMapImpl::LookupBucketFor(llvm::StringRef);Defined DefinedKind
lib/libLLVMCore.a(PassRegistry.cpp.o);lib/libLLVMSupport.a(StringMap.cpp.o);llvm::StringMapImpl::RehashTable(unsigned int);Defined DefinedKind
lib/libLLVMCore.a(PassRegistry.cpp.o);lib/libLLVMSupport.a(Threading.cpp.o);llvm::llvm_is_multithreaded();Defined DefinedKind
lib/libLLVMCore.a(PassManager.cpp.o);lib/libLLVMSupport.a(MemAlloc.cpp.o);llvm::deallocate_buffer(void*, unsigned long, unsigned long);Defined DefinedKind
lib/libLLVMCore.a(PassManager.cpp.o);lib/libLLVMSupport.a(MemAlloc.cpp.o);llvm::allocate_buffer(unsigned long, unsigned long);Defined DefinedKind
lib/libLLVMCore.a(PassManager.cpp.o);lib/libLLVMSupport.a(SmallPtrSet.cpp.o);llvm::SmallPtrSetImplBase::FindBucketFor(void const*) const;Defined DefinedKind
lib/libLLVMCore.a(PassManager.cpp.o);lib/libLLVMSupport.a(SmallPtrSet.cpp.o);llvm::SmallPtrSetImplBase::insert_imp_big(void const*);Defined DefinedKind
lib/libLLVMCore.a(PassManager.cpp.o);lib/libLLVMCore.a(Globals.cpp.o);llvm::GlobalValue::isDeclaration() const;Defined DefinedKind
lib/libLLVMCore.a(PassManager.cpp.o);lib/libLLVMCore.a(Value.cpp.o);llvm::Value::getName() const;Defined DefinedKind
lib/libLLVMCore.a(PassInstrumentation.cpp.o);lib/libLLVMSupport.a(MemAlloc.cpp.o);llvm::allocate_buffer(unsigned long, unsigned long);Defined DefinedKind
lib/libLLVMCore.a(PassInstrumentation.cpp.o);lib/libLLVMSupport.a(StringMap.cpp.o);llvm::StringMapImpl::LookupBucketFor(llvm::StringRef);Defined DefinedKind
lib/libLLVMCore.a(PassInstrumentation.cpp.o);lib/libLLVMSupport.a(StringMap.cpp.o);llvm::StringMapImpl::RehashTable(unsigned int);Defined DefinedKind
lib/libLLVMSupport.a(TimeProfiler.cpp.o);lib/libLLVMSupport.a(Error.cpp.o);llvm::createStringError(std::error_code, char const*);Defined DefinedKind
lib/libLLVMSupport.a(TimeProfiler.cpp.o);lib/libLLVMSupport.a(MemAlloc.cpp.o);llvm::deallocate_buffer(void*, unsigned long, unsigned long);Defined DefinedKind
lib/libLLVMSupport.a(TimeProfiler.cpp.o);lib/libLLVMSupport.a(MemAlloc.cpp.o);llvm::allocate_buffer(unsigned long, unsigned long);Defined DefinedKind
lib/libLLVMSupport.a(TimeProfiler.cpp.o);lib/libLLVMSupport.a(StringMap.cpp.o);llvm::StringMapImpl::LookupBucketFor(llvm::StringRef);Defined DefinedKind
lib/libLLVMSupport.a(TimeProfiler.cpp.o);lib/libLLVMSupport.a(StringMap.cpp.o);llvm::StringMapImpl::RehashTable(unsigned int);Defined DefinedKind
lib/libLLVMSupport.a(TimeProfiler.cpp.o);lib/libLLVMSupport.a(Twine.cpp.o);llvm::Twine::str[abi:cxx11]() const;Defined DefinedKind
lib/libLLVMSupport.a(TimeProfiler.cpp.o);lib/libLLVMSupport.a(raw_ostream.cpp.o);llvm::raw_fd_ostream::raw_fd_ostream(llvm::StringRef, std::error_code&, llvm::sys::fs::OpenFlags);Defined DefinedKind
lib/libLLVMSupport.a(TimeProfiler.cpp.o);lib/libLLVMSupport.a(raw_ostream.cpp.o);llvm::raw_fd_ostream::~raw_fd_ostream();Defined DefinedKind
lib/libLLVMSupport.a(TimeProfiler.cpp.o);lib/libLLVMSupport.a(Path.cpp.o);llvm::sys::path::filename(llvm::StringRef, llvm::sys::path::Style);Defined DefinedKind
lib/libLLVMSupport.a(JSON.cpp.o);lib/libLLVMSupport.a(ConvertUTF.cpp.o);llvm::ConvertUTF8toUTF32(unsigned char const**, unsigned char const*, unsigned int**, unsigned int*, llvm::ConversionFlags);Defined DefinedKind
lib/libLLVMSupport.a(JSON.cpp.o);lib/libLLVMSupport.a(Error.cpp.o);llvm::inconvertibleErrorCode();Defined DefinedKind
lib/libLLVMSupport.a(JSON.cpp.o);lib/libLLVMSupport.a(Error.cpp.o);llvm::ErrorInfoBase::anchor();Defined DefinedKind
lib/libLLVMSupport.a(JSON.cpp.o);lib/libLLVMSupport.a(Error.cpp.o);llvm::createStringError(std::error_code, char const*);Defined DefinedKind
lib/libLLVMSupport.a(JSON.cpp.o);lib/libLLVMSupport.a(Error.cpp.o);llvm::ErrorInfoBase::ID;Defined DefinedKind
lib/libLLVMSupport.a(JSON.cpp.o);lib/libLLVMSupport.a(FormatVariadic.cpp.o);llvm::detail::format_adapter::anchor();Defined DefinedKind
lib/libLLVMSupport.a(JSON.cpp.o);lib/libLLVMSupport.a(MemAlloc.cpp.o);llvm::allocate_buffer(unsigned long, unsigned long);Defined DefinedKind
lib/libLLVMSupport.a(JSON.cpp.o);lib/libLLVMSupport.a(MemAlloc.cpp.o);llvm::deallocate_buffer(void*, unsigned long, unsigned long);Defined DefinedKind
lib/libLLVMSupport.a(JSON.cpp.o);lib/libLLVMSupport.a(NativeFormatting.cpp.o);llvm::write_hex(llvm::raw_ostream&, unsigned long, llvm::HexPrintStyle, llvm::Optional<unsigned long>);Defined DefinedKind
lib/libLLVMSupport.a(JSON.cpp.o);lib/libLLVMSupport.a(NativeFormatting.cpp.o);llvm::isPrefixedHexStyle(llvm::HexPrintStyle);Defined DefinedKind
lib/libLLVMSupport.a(JSON.cpp.o);lib/libLLVMSupport.a(StringRef.cpp.o);llvm::consumeUnsignedInteger(llvm::StringRef&, unsigned int, unsigned long long&);Defined DefinedKind
lib/libLLVMSupport.a(JSON.cpp.o);lib/libLLVMSupport.a(StringRef.cpp.o);llvm::hash_value(llvm::StringRef);Defined DefinedKind
lib/libLLVMSupport.a(JSON.cpp.o);lib/libLLVMSupport.a(StringRef.cpp.o);llvm::StringRef::startswith_lower(llvm::StringRef) const;Defined DefinedKind
lib/libLLVMSupport.a(JSON.cpp.o);lib/libLLVMSupport.a(StringRef.cpp.o);llvm::StringRef::find(llvm::StringRef, unsigned long) const;Defined DefinedKind
lib/libLLVMSupport.a(JSON.cpp.o);lib/libLLVMSupport.a(StringRef.cpp.o);llvm::getAsUnsignedInteger(llvm::StringRef, unsigned int, unsigned long long&);Defined DefinedKind
lib/libLLVMSupport.a(JSON.cpp.o);lib/libLLVMSupport.a(Twine.cpp.o);llvm::Twine::str[abi:cxx11]() const;Defined DefinedKind
lib/libLLVMSupport.a(JSON.cpp.o);lib/libLLVMSupport.a(raw_ostream.cpp.o);llvm::raw_string_ostream::~raw_string_ostream();Defined DefinedKind
lib/libLLVMSupport.a(JSON.cpp.o);lib/libLLVMSupport.a(raw_ostream.cpp.o);llvm::raw_ostream::flush_nonempty();Defined DefinedKind
lib/libLLVMSupport.a(JSON.cpp.o);lib/libLLVMSupport.a(raw_ostream.cpp.o);llvm::raw_ostream::SetBufferAndMode(char*, unsigned long, llvm::raw_ostream::BufferKind);Defined DefinedKind
lib/libLLVMSupport.a(JSON.cpp.o);lib/libLLVMSupport.a(raw_ostream.cpp.o);llvm::raw_ostream::operator<<(unsigned long);Defined DefinedKind
lib/libLLVMSupport.a(JSON.cpp.o);lib/libLLVMSupport.a(raw_ostream.cpp.o);llvm::raw_ostream::indent(unsigned int);Defined DefinedKind
lib/libLLVMSupport.a(JSON.cpp.o);lib/libLLVMSupport.a(raw_ostream.cpp.o);llvm::raw_ostream::operator<<(llvm::format_object_base const&);Defined DefinedKind
lib/libLLVMSupport.a(JSON.cpp.o);lib/libLLVMSupport.a(raw_ostream.cpp.o);llvm::raw_ostream::operator<<(long);Defined DefinedKind
lib/libLLVMSupport.a(JSON.cpp.o);lib/libLLVMSupport.a(raw_ostream.cpp.o);llvm::raw_ostream::write(char const*, unsigned long);Defined DefinedKind
lib/libLLVMSupport.a(JSON.cpp.o);lib/libLLVMSupport.a(raw_ostream.cpp.o);llvm::raw_ostream::write(unsigned char);Defined DefinedKind
lib/libLLVMSupport.a(JSON.cpp.o);lib/libLLVMSupport.a(raw_ostream.cpp.o);llvm::raw_ostream::operator<<(llvm::formatv_object_base const&);Defined DefinedKind
lib/libLLVMSupport.a(JSON.cpp.o);lib/libLLVMSupport.a(raw_ostream.cpp.o);llvm::format_object_base::home();Defined DefinedKind
lib/libLLVMCore.a(Dominators.cpp.o);lib/libLLVMSupport.a(CommandLine.cpp.o);llvm::cl::basic_parser_impl::getOptionWidth(llvm::cl::Option const&) const;Defined DefinedKind
lib/libLLVMCore.a(Dominators.cpp.o);lib/libLLVMSupport.a(CommandLine.cpp.o);llvm::cl::Option::addOccurrence(unsigned int, llvm::StringRef, llvm::StringRef, bool);Defined DefinedKind
lib/libLLVMCore.a(Dominators.cpp.o);lib/libLLVMSupport.a(CommandLine.cpp.o);llvm::cl::Option::anchor();Defined DefinedKind
lib/libLLVMCore.a(Dominators.cpp.o);lib/libLLVMSupport.a(CommandLine.cpp.o);llvm::cl::GenericOptionValue::anchor();Defined DefinedKind
lib/libLLVMCore.a(Dominators.cpp.o);lib/libLLVMSupport.a(CommandLine.cpp.o);llvm::cl::Option::addArgument();Defined DefinedKind
lib/libLLVMCore.a(Dominators.cpp.o);lib/libLLVMSupport.a(CommandLine.cpp.o);llvm::cl::Option::error(llvm::Twine const&, llvm::StringRef, llvm::raw_ostream&);Defined DefinedKind
lib/libLLVMCore.a(Dominators.cpp.o);lib/libLLVMSupport.a(CommandLine.cpp.o);llvm::cl::Option::setArgStr(llvm::StringRef);Defined DefinedKind
lib/libLLVMCore.a(Dominators.cpp.o);lib/libLLVMSupport.a(CommandLine.cpp.o);llvm::cl::GeneralCategory;Defined DefinedKind
lib/libLLVMCore.a(Dominators.cpp.o);lib/libLLVMSupport.a(CommandLine.cpp.o);llvm::cl::basic_parser_impl::printOptionInfo(llvm::cl::Option const&, unsigned long) const;Defined DefinedKind
lib/libLLVMCore.a(Dominators.cpp.o);lib/libLLVMSupport.a(CommandLine.cpp.o);llvm::cl::parser<bool>::parse(llvm::cl::Option&, llvm::StringRef, llvm::StringRef, bool&);Defined DefinedKind
lib/libLLVMCore.a(Dominators.cpp.o);lib/libLLVMSupport.a(CommandLine.cpp.o);llvm::cl::parser<bool>::printOptionDiff(llvm::cl::Option const&, bool, llvm::cl::OptionValue<bool>, unsigned long) const;Defined DefinedKind
lib/libLLVMCore.a(Dominators.cpp.o);lib/libLLVMSupport.a(MemAlloc.cpp.o);llvm::deallocate_buffer(void*, unsigned long, unsigned long);Defined DefinedKind
lib/libLLVMCore.a(Dominators.cpp.o);lib/libLLVMSupport.a(MemAlloc.cpp.o);llvm::allocate_buffer(unsigned long, unsigned long);Defined DefinedKind
lib/libLLVMCore.a(Dominators.cpp.o);lib/libLLVMSupport.a(SmallPtrSet.cpp.o);llvm::SmallPtrSetImplBase::FindBucketFor(void const*) const;Defined DefinedKind
lib/libLLVMCore.a(Dominators.cpp.o);lib/libLLVMSupport.a(SmallPtrSet.cpp.o);llvm::SmallPtrSetImplBase::insert_imp_big(void const*);Defined DefinedKind
lib/libLLVMCore.a(Dominators.cpp.o);lib/libLLVMSupport.a(raw_ostream.cpp.o);llvm::raw_ostream::flush_nonempty();Defined DefinedKind
lib/libLLVMCore.a(Dominators.cpp.o);lib/libLLVMSupport.a(raw_ostream.cpp.o);llvm::raw_ostream::indent(unsigned int);Defined DefinedKind
lib/libLLVMCore.a(Dominators.cpp.o);lib/libLLVMSupport.a(raw_ostream.cpp.o);llvm::raw_ostream::write(unsigned char);Defined DefinedKind
lib/libLLVMCore.a(Dominators.cpp.o);lib/libLLVMSupport.a(raw_ostream.cpp.o);llvm::raw_ostream::operator<<(unsigned long);Defined DefinedKind
lib/libLLVMCore.a(Dominators.cpp.o);lib/libLLVMSupport.a(raw_ostream.cpp.o);llvm::errs();Defined DefinedKind
lib/libLLVMCore.a(Dominators.cpp.o);lib/libLLVMSupport.a(raw_ostream.cpp.o);llvm::raw_ostream::write(char const*, unsigned long);Defined DefinedKind
lib/libLLVMCore.a(Dominators.cpp.o);lib/libLLVMCore.a(BasicBlock.cpp.o);llvm::BasicBlock::getTerminator() const;Defined DefinedKind
lib/libLLVMCore.a(Dominators.cpp.o);lib/libLLVMCore.a(BasicBlock.cpp.o);llvm::BasicBlock::getSinglePredecessor() const;Defined DefinedKind
lib/libLLVMCore.a(Dominators.cpp.o);lib/libLLVMCore.a(Instruction.cpp.o);llvm::Instruction::comesBefore(llvm::Instruction const*) const;Defined DefinedKind
lib/libLLVMCore.a(Dominators.cpp.o);lib/libLLVMCore.a(Instruction.cpp.o);llvm::Instruction::getSuccessor(unsigned int) const;Defined DefinedKind
lib/libLLVMCore.a(Dominators.cpp.o);lib/libLLVMCore.a(Instruction.cpp.o);llvm::Instruction::getNumSuccessors() const;Defined DefinedKind
lib/libLLVMCore.a(Dominators.cpp.o);lib/libLLVMCore.a(Value.cpp.o);llvm::Value::getName() const;Defined DefinedKind
lib/libLLVMCore.a(Pass.cpp.o);lib/libLLVMSupport.a(CommandLine.cpp.o);llvm::cl::generic_parser_base::printOptionInfo(llvm::cl::Option const&, unsigned long) const;Defined DefinedKind
lib/libLLVMCore.a(Pass.cpp.o);lib/libLLVMSupport.a(CommandLine.cpp.o);llvm::cl::AddLiteralOption(llvm::cl::Option&, llvm::StringRef);Defined DefinedKind
lib/libLLVMCore.a(Pass.cpp.o);lib/libLLVMSupport.a(CommandLine.cpp.o);llvm::cl::GenericOptionValue::anchor();Defined DefinedKind
lib/libLLVMCore.a(Pass.cpp.o);lib/libLLVMSupport.a(CommandLine.cpp.o);llvm::cl::generic_parser_base::getOptionWidth(llvm::cl::Option const&) const;Defined DefinedKind
lib/libLLVMCore.a(Pass.cpp.o);lib/libLLVMSupport.a(raw_ostream.cpp.o);llvm::errs();Defined DefinedKind
lib/libLLVMCore.a(Pass.cpp.o);lib/libLLVMSupport.a(raw_ostream.cpp.o);llvm::raw_ostream::write(char const*, unsigned long);Defined DefinedKind
lib/libLLVMCore.a(Pass.cpp.o);lib/libLLVMSupport.a(raw_ostream.cpp.o);llvm::raw_ostream::indent(unsigned int);Defined DefinedKind
lib/libLLVMCore.a(Pass.cpp.o);lib/libLLVMCore.a(Attributes.cpp.o);llvm::AttributeList::hasFnAttribute(llvm::Attribute::AttrKind) const;Defined DefinedKind
lib/libLLVMCore.a(Pass.cpp.o);lib/libLLVMCore.a(Function.cpp.o);llvm::Function::getContext() const;Defined DefinedKind
lib/libLLVMCore.a(Pass.cpp.o);lib/libLLVMCore.a(Value.cpp.o);llvm::Value::getName() const;Defined DefinedKind
lib/libLLVMCore.a(IRPrintingPasses.cpp.o);lib/libLLVMSupport.a(MemAlloc.cpp.o);llvm::deallocate_buffer(void*, unsigned long, unsigned long);Defined DefinedKind
lib/libLLVMCore.a(IRPrintingPasses.cpp.o);lib/libLLVMSupport.a(raw_ostream.cpp.o);llvm::raw_ostream::write(char const*, unsigned long);Defined DefinedKind
lib/libLLVMCore.a(IRPrintingPasses.cpp.o);lib/libLLVMSupport.a(raw_ostream.cpp.o);llvm::raw_ostream::write(unsigned char);Defined DefinedKind
lib/libLLVMCore.a(IRPrintingPasses.cpp.o);lib/libLLVMCore.a(Value.cpp.o);llvm::Value::getName() const;Defined DefinedKind
lib/libLLVMCore.a(PrintPasses.cpp.o);lib/libLLVMSupport.a(CommandLine.cpp.o);llvm::cl::basic_parser_impl::printOptionInfo(llvm::cl::Option const&, unsigned long) const;Defined DefinedKind
lib/libLLVMCore.a(PrintPasses.cpp.o);lib/libLLVMSupport.a(CommandLine.cpp.o);llvm::cl::basic_parser_impl::getOptionWidth(llvm::cl::Option const&) const;Defined DefinedKind
lib/libLLVMCore.a(PrintPasses.cpp.o);lib/libLLVMSupport.a(CommandLine.cpp.o);llvm::cl::GeneralCategory;Defined DefinedKind
lib/libLLVMCore.a(PrintPasses.cpp.o);lib/libLLVMSupport.a(CommandLine.cpp.o);llvm::cl::Option::setArgStr(llvm::StringRef);Defined DefinedKind
lib/libLLVMCore.a(PrintPasses.cpp.o);lib/libLLVMSupport.a(CommandLine.cpp.o);llvm::cl::Option::addArgument();Defined DefinedKind
lib/libLLVMCore.a(PrintPasses.cpp.o);lib/libLLVMSupport.a(CommandLine.cpp.o);llvm::cl::GenericOptionValue::anchor();Defined DefinedKind
lib/libLLVMCore.a(PrintPasses.cpp.o);lib/libLLVMSupport.a(CommandLine.cpp.o);llvm::cl::Option::anchor();Defined DefinedKind
lib/libLLVMCore.a(PrintPasses.cpp.o);lib/libLLVMSupport.a(CommandLine.cpp.o);llvm::cl::Option::addOccurrence(unsigned int, llvm::StringRef, llvm::StringRef, bool);Defined DefinedKind
lib/libLLVMCore.a(LegacyPassManager.cpp.o);lib/libLLVMSupport.a(CommandLine.cpp.o);llvm::cl::generic_parser_base::printOptionInfo(llvm::cl::Option const&, unsigned long) const;Defined DefinedKind
lib/libLLVMCore.a(LegacyPassManager.cpp.o);lib/libLLVMSupport.a(CommandLine.cpp.o);llvm::cl::Option::addOccurrence(unsigned int, llvm::StringRef, llvm::StringRef, bool);Defined DefinedKind
lib/libLLVMCore.a(LegacyPassManager.cpp.o);lib/libLLVMSupport.a(CommandLine.cpp.o);llvm::cl::Option::anchor();Defined DefinedKind
lib/libLLVMCore.a(LegacyPassManager.cpp.o);lib/libLLVMSupport.a(CommandLine.cpp.o);llvm::cl::GenericOptionValue::anchor();Defined DefinedKind
lib/libLLVMCore.a(LegacyPassManager.cpp.o);lib/libLLVMSupport.a(CommandLine.cpp.o);llvm::cl::Option::error(llvm::Twine const&, llvm::StringRef, llvm::raw_ostream&);Defined DefinedKind
lib/libLLVMCore.a(LegacyPassManager.cpp.o);lib/libLLVMSupport.a(CommandLine.cpp.o);llvm::cl::Option::addArgument();Defined DefinedKind
lib/libLLVMCore.a(LegacyPassManager.cpp.o);lib/libLLVMSupport.a(CommandLine.cpp.o);llvm::cl::AddLiteralOption(llvm::cl::Option&, llvm::StringRef);Defined DefinedKind
lib/libLLVMCore.a(LegacyPassManager.cpp.o);lib/libLLVMSupport.a(CommandLine.cpp.o);llvm::cl::GeneralCategory;Defined DefinedKind
lib/libLLVMCore.a(LegacyPassManager.cpp.o);lib/libLLVMSupport.a(CommandLine.cpp.o);llvm::cl::Option::setArgStr(llvm::StringRef);Defined DefinedKind
lib/libLLVMCore.a(LegacyPassManager.cpp.o);lib/libLLVMSupport.a(CommandLine.cpp.o);llvm::cl::generic_parser_base::getOptionWidth(llvm::cl::Option const&) const;Defined DefinedKind
lib/libLLVMCore.a(LegacyPassManager.cpp.o);lib/libLLVMSupport.a(CommandLine.cpp.o);llvm::cl::generic_parser_base::printGenericOptionDiff(llvm::cl::Option const&, llvm::cl::GenericOptionValue const&, llvm::cl::GenericOptionValue const&, unsigned long) const;Defined DefinedKind
lib/libLLVMCore.a(LegacyPassManager.cpp.o);lib/libLLVMSupport.a(Error.cpp.o);llvm::ErrorInfoBase::ID;Defined DefinedKind
lib/libLLVMCore.a(LegacyPassManager.cpp.o);lib/libLLVMSupport.a(Error.cpp.o);llvm::ErrorList::ID;Defined DefinedKind
lib/libLLVMCore.a(LegacyPassManager.cpp.o);lib/libLLVMSupport.a(ErrorHandling.cpp.o);llvm::report_fatal_error(std::__cxx11::basic_string<char, std::char_traits<char>, std::allocator<char> > const&, bool);Defined DefinedKind
lib/libLLVMCore.a(LegacyPassManager.cpp.o);lib/libLLVMSupport.a(MemAlloc.cpp.o);llvm::allocate_buffer(unsigned long, unsigned long);Defined DefinedKind
lib/libLLVMCore.a(LegacyPassManager.cpp.o);lib/libLLVMSupport.a(MemAlloc.cpp.o);llvm::deallocate_buffer(void*, unsigned long, unsigned long);Defined DefinedKind
lib/libLLVMCore.a(LegacyPassManager.cpp.o);lib/libLLVMSupport.a(PrettyStackTrace.cpp.o);llvm::PrettyStackTraceEntry::~PrettyStackTraceEntry();Defined DefinedKind
lib/libLLVMCore.a(LegacyPassManager.cpp.o);lib/libLLVMSupport.a(PrettyStackTrace.cpp.o);llvm::PrettyStackTraceEntry::PrettyStackTraceEntry();Defined DefinedKind
lib/libLLVMCore.a(LegacyPassManager.cpp.o);lib/libLLVMSupport.a(SmallPtrSet.cpp.o);llvm::SmallPtrSetImplBase::shrink_and_clear();Defined DefinedKind
lib/libLLVMCore.a(LegacyPassManager.cpp.o);lib/libLLVMSupport.a(SmallPtrSet.cpp.o);llvm::SmallPtrSetImplBase::insert_imp_big(void const*);Defined DefinedKind
lib/libLLVMCore.a(LegacyPassManager.cpp.o);lib/libLLVMSupport.a(SmallPtrSet.cpp.o);llvm::SmallPtrSetImplBase::FindBucketFor(void const*) const;Defined DefinedKind
lib/libLLVMCore.a(LegacyPassManager.cpp.o);lib/libLLVMSupport.a(StringMap.cpp.o);llvm::StringMapImpl::LookupBucketFor(llvm::StringRef);Defined DefinedKind
lib/libLLVMCore.a(LegacyPassManager.cpp.o);lib/libLLVMSupport.a(StringMap.cpp.o);llvm::StringMapImpl::RehashTable(unsigned int);Defined DefinedKind
lib/libLLVMCore.a(LegacyPassManager.cpp.o);lib/libLLVMSupport.a(StringMap.cpp.o);llvm::StringMapImpl::FindKey(llvm::StringRef) const;Defined DefinedKind
lib/libLLVMCore.a(LegacyPassManager.cpp.o);lib/libLLVMSupport.a(FoldingSet.cpp.o);llvm::FoldingSetNodeID::AddInteger(unsigned long);Defined DefinedKind
lib/libLLVMCore.a(LegacyPassManager.cpp.o);lib/libLLVMSupport.a(FoldingSet.cpp.o);llvm::FoldingSetNodeID::AddPointer(void const*);Defined DefinedKind
lib/libLLVMCore.a(LegacyPassManager.cpp.o);lib/libLLVMSupport.a(FoldingSet.cpp.o);llvm::FoldingSetNodeID::ComputeHash() const;Defined DefinedKind
lib/libLLVMCore.a(LegacyPassManager.cpp.o);lib/libLLVMSupport.a(FoldingSet.cpp.o);llvm::FoldingSetNodeID::operator==(llvm::FoldingSetNodeID const&) const;Defined DefinedKind
lib/libLLVMCore.a(LegacyPassManager.cpp.o);lib/libLLVMSupport.a(FoldingSet.cpp.o);llvm::FoldingSetBase::InsertNode(llvm::FoldingSetBase::Node*, void*, llvm::FoldingSetBase::FoldingSetInfo const&);Defined DefinedKind
lib/libLLVMCore.a(LegacyPassManager.cpp.o);lib/libLLVMSupport.a(FoldingSet.cpp.o);llvm::FoldingSetBase::FindNodeOrInsertPos(llvm::FoldingSetNodeID const&, void*&, llvm::FoldingSetBase::FoldingSetInfo const&);Defined DefinedKind
lib/libLLVMCore.a(LegacyPassManager.cpp.o);lib/libLLVMSupport.a(Twine.cpp.o);llvm::Twine::str[abi:cxx11]() const;Defined DefinedKind
lib/libLLVMCore.a(LegacyPassManager.cpp.o);lib/libLLVMSupport.a(raw_ostream.cpp.o);llvm::raw_ostream::indent(unsigned int);Defined DefinedKind
lib/libLLVMCore.a(LegacyPassManager.cpp.o);lib/libLLVMSupport.a(raw_ostream.cpp.o);llvm::raw_ostream::write(char const*, unsigned long);Defined DefinedKind
lib/libLLVMCore.a(LegacyPassManager.cpp.o);lib/libLLVMSupport.a(raw_ostream.cpp.o);llvm::errs();Defined DefinedKind
lib/libLLVMCore.a(LegacyPassManager.cpp.o);lib/libLLVMSupport.a(raw_ostream.cpp.o);llvm::raw_ostream::operator<<(void const*);Defined DefinedKind
lib/libLLVMCore.a(LegacyPassManager.cpp.o);lib/libLLVMSupport.a(raw_ostream.cpp.o);llvm::raw_ostream::write(unsigned char);Defined DefinedKind
lib/libLLVMCore.a(LegacyPassManager.cpp.o);lib/libLLVMCore.a(Function.cpp.o);llvm::Function::getContext() const;Defined DefinedKind
lib/libLLVMCore.a(LegacyPassManager.cpp.o);lib/libLLVMCore.a(Globals.cpp.o);llvm::GlobalValue::isDeclaration() const;Defined DefinedKind
lib/libLLVMCore.a(LegacyPassManager.cpp.o);lib/libLLVMCore.a(LLVMContext.cpp.o);llvm::LLVMContext::diagnose(llvm::DiagnosticInfo const&);Defined DefinedKind
lib/libLLVMCore.a(LegacyPassManager.cpp.o);lib/libLLVMCore.a(Value.cpp.o);llvm::Value::getName() const;Defined DefinedKind
lib/libLLVMSupport.a(Chrono.cpp.o);lib/libLLVMSupport.a(raw_ostream.cpp.o);llvm::raw_ostream::operator<<(llvm::format_object_base const&);Defined DefinedKind
lib/libLLVMSupport.a(Chrono.cpp.o);lib/libLLVMSupport.a(raw_ostream.cpp.o);llvm::raw_ostream::write(unsigned char);Defined DefinedKind
lib/libLLVMSupport.a(Chrono.cpp.o);lib/libLLVMSupport.a(raw_ostream.cpp.o);llvm::raw_ostream::write(char const*, unsigned long);Defined DefinedKind
lib/libLLVMSupport.a(Chrono.cpp.o);lib/libLLVMSupport.a(raw_ostream.cpp.o);llvm::raw_ostream::SetBufferAndMode(char*, unsigned long, llvm::raw_ostream::BufferKind);Defined DefinedKind
lib/libLLVMSupport.a(Chrono.cpp.o);lib/libLLVMSupport.a(raw_ostream.cpp.o);llvm::raw_ostream::flush_nonempty();Defined DefinedKind
lib/libLLVMSupport.a(Chrono.cpp.o);lib/libLLVMSupport.a(raw_ostream.cpp.o);llvm::raw_string_ostream::~raw_string_ostream();Defined DefinedKind
lib/libLLVMSupport.a(Chrono.cpp.o);lib/libLLVMSupport.a(raw_ostream.cpp.o);llvm::format_object_base::home();Defined DefinedKind
lib/libLLVMCore.a(PassTimingInfo.cpp.o);lib/libLLVMSupport.a(CommandLine.cpp.o);llvm::cl::basic_parser_impl::getOptionWidth(llvm::cl::Option const&) const;Defined DefinedKind
lib/libLLVMCore.a(PassTimingInfo.cpp.o);lib/libLLVMSupport.a(CommandLine.cpp.o);llvm::cl::parser<bool>::parse(llvm::cl::Option&, llvm::StringRef, llvm::StringRef, bool&);Defined DefinedKind
lib/libLLVMCore.a(PassTimingInfo.cpp.o);lib/libLLVMSupport.a(CommandLine.cpp.o);llvm::cl::parser<bool>::printOptionDiff(llvm::cl::Option const&, bool, llvm::cl::OptionValue<bool>, unsigned long) const;Defined DefinedKind
lib/libLLVMCore.a(PassTimingInfo.cpp.o);lib/libLLVMSupport.a(CommandLine.cpp.o);llvm::cl::basic_parser_impl::printOptionInfo(llvm::cl::Option const&, unsigned long) const;Defined DefinedKind
lib/libLLVMCore.a(PassTimingInfo.cpp.o);lib/libLLVMSupport.a(CommandLine.cpp.o);llvm::cl::Option::addOccurrence(unsigned int, llvm::StringRef, llvm::StringRef, bool);Defined DefinedKind
lib/libLLVMCore.a(PassTimingInfo.cpp.o);lib/libLLVMSupport.a(CommandLine.cpp.o);llvm::cl::Option::anchor();Defined DefinedKind
lib/libLLVMCore.a(PassTimingInfo.cpp.o);lib/libLLVMSupport.a(CommandLine.cpp.o);llvm::cl::GenericOptionValue::anchor();Defined DefinedKind
lib/libLLVMCore.a(PassTimingInfo.cpp.o);lib/libLLVMSupport.a(CommandLine.cpp.o);llvm::cl::Option::addArgument();Defined DefinedKind
lib/libLLVMCore.a(PassTimingInfo.cpp.o);lib/libLLVMSupport.a(CommandLine.cpp.o);llvm::cl::Option::setArgStr(llvm::StringRef);Defined DefinedKind
lib/libLLVMCore.a(PassTimingInfo.cpp.o);lib/libLLVMSupport.a(CommandLine.cpp.o);llvm::cl::GeneralCategory;Defined DefinedKind
lib/libLLVMCore.a(PassTimingInfo.cpp.o);lib/libLLVMSupport.a(CommandLine.cpp.o);llvm::cl::Option::error(llvm::Twine const&, llvm::StringRef, llvm::raw_ostream&);Defined DefinedKind
lib/libLLVMCore.a(PassTimingInfo.cpp.o);lib/libLLVMSupport.a(FormatVariadic.cpp.o);llvm::detail::format_adapter::anchor();Defined DefinedKind
lib/libLLVMCore.a(PassTimingInfo.cpp.o);lib/libLLVMSupport.a(ManagedStatic.cpp.o);llvm::ManagedStaticBase::RegisterManagedStatic(void* (*)(), void (*)(void*)) const;Defined DefinedKind
lib/libLLVMCore.a(PassTimingInfo.cpp.o);lib/libLLVMSupport.a(MemAlloc.cpp.o);llvm::deallocate_buffer(void*, unsigned long, unsigned long);Defined DefinedKind
lib/libLLVMCore.a(PassTimingInfo.cpp.o);lib/libLLVMSupport.a(MemAlloc.cpp.o);llvm::allocate_buffer(unsigned long, unsigned long);Defined DefinedKind
lib/libLLVMCore.a(PassTimingInfo.cpp.o);lib/libLLVMSupport.a(NativeFormatting.cpp.o);llvm::write_hex(llvm::raw_ostream&, unsigned long, llvm::HexPrintStyle, llvm::Optional<unsigned long>);Defined DefinedKind
lib/libLLVMCore.a(PassTimingInfo.cpp.o);lib/libLLVMSupport.a(NativeFormatting.cpp.o);llvm::isPrefixedHexStyle(llvm::HexPrintStyle);Defined DefinedKind
lib/libLLVMCore.a(PassTimingInfo.cpp.o);lib/libLLVMSupport.a(StringMap.cpp.o);llvm::StringMapImpl::LookupBucketFor(llvm::StringRef);Defined DefinedKind
lib/libLLVMCore.a(PassTimingInfo.cpp.o);lib/libLLVMSupport.a(StringMap.cpp.o);llvm::StringMapImpl::RehashTable(unsigned int);Defined DefinedKind
lib/libLLVMCore.a(PassTimingInfo.cpp.o);lib/libLLVMSupport.a(StringRef.cpp.o);llvm::consumeUnsignedInteger(llvm::StringRef&, unsigned int, unsigned long long&);Defined DefinedKind
lib/libLLVMCore.a(PassTimingInfo.cpp.o);lib/libLLVMSupport.a(StringRef.cpp.o);llvm::StringRef::startswith_lower(llvm::StringRef) const;Defined DefinedKind
lib/libLLVMCore.a(PassTimingInfo.cpp.o);lib/libLLVMSupport.a(StringRef.cpp.o);llvm::getAsUnsignedInteger(llvm::StringRef, unsigned int, unsigned long long&);Defined DefinedKind
lib/libLLVMCore.a(PassTimingInfo.cpp.o);lib/libLLVMSupport.a(StringRef.cpp.o);llvm::StringRef::find(llvm::StringRef, unsigned long) const;Defined DefinedKind
lib/libLLVMCore.a(PassTimingInfo.cpp.o);lib/libLLVMSupport.a(raw_ostream.cpp.o);llvm::raw_ostream::operator<<(unsigned long);Defined DefinedKind
lib/libLLVMCore.a(PassTimingInfo.cpp.o);lib/libLLVMSupport.a(raw_ostream.cpp.o);llvm::raw_ostream::SetBufferAndMode(char*, unsigned long, llvm::raw_ostream::BufferKind);Defined DefinedKind
lib/libLLVMCore.a(PassTimingInfo.cpp.o);lib/libLLVMSupport.a(raw_ostream.cpp.o);llvm::raw_ostream::operator<<(llvm::formatv_object_base const&);Defined DefinedKind
lib/libLLVMCore.a(PassTimingInfo.cpp.o);lib/libLLVMSupport.a(raw_ostream.cpp.o);llvm::raw_ostream::flush_nonempty();Defined DefinedKind
lib/libLLVMCore.a(PassTimingInfo.cpp.o);lib/libLLVMSupport.a(raw_ostream.cpp.o);llvm::raw_string_ostream::~raw_string_ostream();Defined DefinedKind
lib/libLLVMCore.a(PassTimingInfo.cpp.o);lib/libLLVMSupport.a(raw_ostream.cpp.o);llvm::raw_ostream::operator<<(void const*);Defined DefinedKind
lib/libLLVMCore.a(PassTimingInfo.cpp.o);lib/libLLVMSupport.a(raw_ostream.cpp.o);llvm::raw_ostream::write(char const*, unsigned long);Defined DefinedKind
lib/libLLVMCore.a(PassTimingInfo.cpp.o);lib/libLLVMSupport.a(raw_ostream.cpp.o);llvm::errs();Defined DefinedKind
lib/libLLVMCore.a(PassTimingInfo.cpp.o);lib/libLLVMSupport.a(Threading.cpp.o);llvm::llvm_is_multithreaded();Defined DefinedKind
lib/libLLVMRemarks.a(RemarkFormat.cpp.o);lib/libLLVMSupport.a(Error.cpp.o);llvm::StringError::StringError(llvm::Twine const&, std::error_code);Defined DefinedKind
lib/libLLVMRemarks.a(RemarkFormat.cpp.o);lib/libLLVMSupport.a(raw_ostream.cpp.o);llvm::raw_ostream::SetBufferAndMode(char*, unsigned long, llvm::raw_ostream::BufferKind);Defined DefinedKind
lib/libLLVMRemarks.a(RemarkFormat.cpp.o);lib/libLLVMSupport.a(raw_ostream.cpp.o);llvm::raw_ostream::operator<<(llvm::format_object_base const&);Defined DefinedKind
lib/libLLVMRemarks.a(RemarkFormat.cpp.o);lib/libLLVMSupport.a(raw_ostream.cpp.o);llvm::raw_ostream::flush_nonempty();Defined DefinedKind
lib/libLLVMRemarks.a(RemarkFormat.cpp.o);lib/libLLVMSupport.a(raw_ostream.cpp.o);llvm::raw_string_ostream::~raw_string_ostream();Defined DefinedKind
lib/libLLVMRemarks.a(RemarkFormat.cpp.o);lib/libLLVMSupport.a(raw_ostream.cpp.o);llvm::format_object_base::home();Defined DefinedKind
lib/libLLVMRemarks.a(RemarkSerializer.cpp.o);lib/libLLVMSupport.a(Error.cpp.o);llvm::createStringError(std::error_code, char const*);Defined DefinedKind
lib/libLLVMRemarks.a(RemarkSerializer.cpp.o);lib/libLLVMSupport.a(MemAlloc.cpp.o);llvm::deallocate_buffer(void*, unsigned long, unsigned long);Defined DefinedKind
lib/libLLVMRemarks.a(BitstreamRemarkSerializer.cpp.o);lib/libLLVMSupport.a(BinaryStreamRef.cpp.o);std::_Sp_make_shared_tag::_S_ti()::__tag;Defined DefinedKind
lib/libLLVMRemarks.a(BitstreamRemarkSerializer.cpp.o);lib/libLLVMSupport.a(ErrorHandling.cpp.o);llvm::report_fatal_error(char const*, bool);Defined DefinedKind
lib/libLLVMRemarks.a(BitstreamRemarkSerializer.cpp.o);lib/libLLVMSupport.a(MemAlloc.cpp.o);llvm::deallocate_buffer(void*, unsigned long, unsigned long);Defined DefinedKind
lib/libLLVMRemarks.a(BitstreamRemarkSerializer.cpp.o);lib/libLLVMSupport.a(raw_ostream.cpp.o);llvm::raw_ostream::write(char const*, unsigned long);Defined DefinedKind
lib/libLLVMRemarks.a(BitstreamRemarkSerializer.cpp.o);lib/libLLVMSupport.a(raw_ostream.cpp.o);llvm::raw_ostream::SetBufferAndMode(char*, unsigned long, llvm::raw_ostream::BufferKind);Defined DefinedKind
lib/libLLVMRemarks.a(BitstreamRemarkSerializer.cpp.o);lib/libLLVMSupport.a(raw_ostream.cpp.o);llvm::raw_ostream::flush_nonempty();Defined DefinedKind
lib/libLLVMRemarks.a(BitstreamRemarkSerializer.cpp.o);lib/libLLVMSupport.a(raw_ostream.cpp.o);llvm::raw_string_ostream::~raw_string_ostream();Defined DefinedKind
lib/libLLVMRemarks.a(RemarkStreamer.cpp.o);lib/libLLVMSupport.a(CommandLine.cpp.o);llvm::cl::basic_parser_impl::printOptionInfo(llvm::cl::Option const&, unsigned long) const;Defined DefinedKind
lib/libLLVMRemarks.a(RemarkStreamer.cpp.o);lib/libLLVMSupport.a(CommandLine.cpp.o);llvm::cl::basic_parser_impl::getOptionWidth(llvm::cl::Option const&) const;Defined DefinedKind
lib/libLLVMRemarks.a(RemarkStreamer.cpp.o);lib/libLLVMSupport.a(CommandLine.cpp.o);llvm::cl::parser<llvm::cl::boolOrDefault>::parse(llvm::cl::Option&, llvm::StringRef, llvm::StringRef, llvm::cl::boolOrDefault&);Defined DefinedKind
lib/libLLVMRemarks.a(RemarkStreamer.cpp.o);lib/libLLVMSupport.a(CommandLine.cpp.o);llvm::cl::parser<llvm::cl::boolOrDefault>::printOptionDiff(llvm::cl::Option const&, llvm::cl::boolOrDefault, llvm::cl::OptionValue<llvm::cl::boolOrDefault>, unsigned long) const;Defined DefinedKind
lib/libLLVMRemarks.a(RemarkStreamer.cpp.o);lib/libLLVMSupport.a(CommandLine.cpp.o);llvm::cl::GeneralCategory;Defined DefinedKind
lib/libLLVMRemarks.a(RemarkStreamer.cpp.o);lib/libLLVMSupport.a(CommandLine.cpp.o);llvm::cl::Option::setArgStr(llvm::StringRef);Defined DefinedKind
lib/libLLVMRemarks.a(RemarkStreamer.cpp.o);lib/libLLVMSupport.a(CommandLine.cpp.o);llvm::cl::Option::addArgument();Defined DefinedKind
lib/libLLVMRemarks.a(RemarkStreamer.cpp.o);lib/libLLVMSupport.a(CommandLine.cpp.o);llvm::cl::Option::anchor();Defined DefinedKind
lib/libLLVMRemarks.a(RemarkStreamer.cpp.o);lib/libLLVMSupport.a(CommandLine.cpp.o);llvm::cl::Option::addOccurrence(unsigned int, llvm::StringRef, llvm::StringRef, bool);Defined DefinedKind
lib/libLLVMRemarks.a(RemarkStreamer.cpp.o);lib/libLLVMSupport.a(Error.cpp.o);llvm::createStringError(std::error_code, char const*);Defined DefinedKind
lib/libLLVMRemarks.a(RemarkStreamer.cpp.o);lib/libLLVMSupport.a(Regex.cpp.o);llvm::Regex::Regex(llvm::StringRef, llvm::Regex::RegexFlags);Defined DefinedKind
lib/libLLVMRemarks.a(RemarkStreamer.cpp.o);lib/libLLVMSupport.a(Regex.cpp.o);llvm::Regex::isValid(std::__cxx11::basic_string<char, std::char_traits<char>, std::allocator<char> >&) const;Defined DefinedKind
lib/libLLVMRemarks.a(RemarkStreamer.cpp.o);lib/libLLVMSupport.a(Regex.cpp.o);llvm::Regex::~Regex();Defined DefinedKind
lib/libLLVMRemarks.a(RemarkStreamer.cpp.o);lib/libLLVMSupport.a(Regex.cpp.o);llvm::Regex::match(llvm::StringRef, llvm::SmallVectorImpl<llvm::StringRef>*, std::__cxx11::basic_string<char, std::char_traits<char>, std::allocator<char> >*) const;Defined DefinedKind
lib/libLLVMRemarks.a(RemarkStringTable.cpp.o);lib/libLLVMSupport.a(MemAlloc.cpp.o);llvm::allocate_buffer(unsigned long, unsigned long);Defined DefinedKind
lib/libLLVMRemarks.a(RemarkStringTable.cpp.o);lib/libLLVMSupport.a(StringMap.cpp.o);llvm::StringMapImpl::LookupBucketFor(llvm::StringRef);Defined DefinedKind
lib/libLLVMRemarks.a(RemarkStringTable.cpp.o);lib/libLLVMSupport.a(StringMap.cpp.o);llvm::StringMapImpl::RehashTable(unsigned int);Defined DefinedKind
lib/libLLVMRemarks.a(RemarkStringTable.cpp.o);lib/libLLVMSupport.a(raw_ostream.cpp.o);llvm::raw_ostream::write(unsigned char);Defined DefinedKind
lib/libLLVMRemarks.a(RemarkStringTable.cpp.o);lib/libLLVMSupport.a(raw_ostream.cpp.o);llvm::raw_ostream::write(char const*, unsigned long);Defined DefinedKind
lib/libLLVMRemarks.a(RemarkParser.cpp.o);lib/libLLVMSupport.a(Error.cpp.o);llvm::StringError::StringError(llvm::Twine const&, std::error_code);Defined DefinedKind
lib/libLLVMRemarks.a(RemarkParser.cpp.o);lib/libLLVMSupport.a(Error.cpp.o);llvm::createStringError(std::error_code, char const*);Defined DefinedKind
lib/libLLVMRemarks.a(RemarkParser.cpp.o);lib/libLLVMSupport.a(Error.cpp.o);llvm::ErrorList::ID;Defined DefinedKind
lib/libLLVMRemarks.a(RemarkParser.cpp.o);lib/libLLVMSupport.a(Error.cpp.o);llvm::ErrorInfoBase::ID;Defined DefinedKind
lib/libLLVMRemarks.a(RemarkParser.cpp.o);lib/libLLVMSupport.a(StringRef.cpp.o);llvm::StringRef::find(llvm::StringRef, unsigned long) const;Defined DefinedKind
lib/libLLVMRemarks.a(RemarkParser.cpp.o);lib/libLLVMSupport.a(raw_ostream.cpp.o);llvm::raw_ostream::SetBufferAndMode(char*, unsigned long, llvm::raw_ostream::BufferKind);Defined DefinedKind
lib/libLLVMRemarks.a(RemarkParser.cpp.o);lib/libLLVMSupport.a(raw_ostream.cpp.o);llvm::raw_ostream::flush_nonempty();Defined DefinedKind
lib/libLLVMRemarks.a(RemarkParser.cpp.o);lib/libLLVMSupport.a(raw_ostream.cpp.o);llvm::raw_string_ostream::~raw_string_ostream();Defined DefinedKind
lib/libLLVMRemarks.a(RemarkParser.cpp.o);lib/libLLVMSupport.a(raw_ostream.cpp.o);llvm::raw_ostream::operator<<(llvm::format_object_base const&);Defined DefinedKind
lib/libLLVMRemarks.a(RemarkParser.cpp.o);lib/libLLVMSupport.a(raw_ostream.cpp.o);llvm::format_object_base::home();Defined DefinedKind
lib/libLLVMRemarks.a(BitstreamRemarkParser.cpp.o);lib/libLLVMSupport.a(Error.cpp.o);llvm::inconvertibleErrorCode();Defined DefinedKind
lib/libLLVMRemarks.a(BitstreamRemarkParser.cpp.o);lib/libLLVMSupport.a(Error.cpp.o);llvm::ErrorInfoBase::ID;Defined DefinedKind
lib/libLLVMRemarks.a(BitstreamRemarkParser.cpp.o);lib/libLLVMSupport.a(Error.cpp.o);llvm::ErrorInfoBase::anchor();Defined DefinedKind
lib/libLLVMRemarks.a(BitstreamRemarkParser.cpp.o);lib/libLLVMSupport.a(Error.cpp.o);llvm::errorCodeToError(std::error_code);Defined DefinedKind
lib/libLLVMRemarks.a(BitstreamRemarkParser.cpp.o);lib/libLLVMSupport.a(Error.cpp.o);llvm::StringError::StringError(llvm::Twine const&, std::error_code);Defined DefinedKind
lib/libLLVMRemarks.a(BitstreamRemarkParser.cpp.o);lib/libLLVMSupport.a(Error.cpp.o);llvm::createStringError(std::error_code, char const*);Defined DefinedKind
lib/libLLVMRemarks.a(BitstreamRemarkParser.cpp.o);lib/libLLVMSupport.a(Error.cpp.o);llvm::ErrorList::ID;Defined DefinedKind
lib/libLLVMRemarks.a(BitstreamRemarkParser.cpp.o);lib/libLLVMSupport.a(MemoryBuffer.cpp.o);llvm::MemoryBuffer::getFile(llvm::Twine const&, bool, bool, bool);Defined DefinedKind
lib/libLLVMRemarks.a(BitstreamRemarkParser.cpp.o);lib/libLLVMSupport.a(Twine.cpp.o);llvm::Twine::str[abi:cxx11]() const;Defined DefinedKind
lib/libLLVMRemarks.a(BitstreamRemarkParser.cpp.o);lib/libLLVMSupport.a(raw_ostream.cpp.o);llvm::format_object_base::home();Defined DefinedKind
lib/libLLVMRemarks.a(BitstreamRemarkParser.cpp.o);lib/libLLVMSupport.a(raw_ostream.cpp.o);llvm::raw_ostream::write(char const*, unsigned long);Defined DefinedKind
lib/libLLVMRemarks.a(BitstreamRemarkParser.cpp.o);lib/libLLVMSupport.a(raw_ostream.cpp.o);llvm::raw_ostream::operator<<(llvm::format_object_base const&);Defined DefinedKind
lib/libLLVMRemarks.a(BitstreamRemarkParser.cpp.o);lib/libLLVMSupport.a(raw_ostream.cpp.o);llvm::raw_string_ostream::~raw_string_ostream();Defined DefinedKind
lib/libLLVMRemarks.a(BitstreamRemarkParser.cpp.o);lib/libLLVMSupport.a(raw_ostream.cpp.o);llvm::raw_ostream::flush_nonempty();Defined DefinedKind
lib/libLLVMRemarks.a(BitstreamRemarkParser.cpp.o);lib/libLLVMSupport.a(raw_ostream.cpp.o);llvm::raw_ostream::SetBufferAndMode(char*, unsigned long, llvm::raw_ostream::BufferKind);Defined DefinedKind
lib/libLLVMRemarks.a(BitstreamRemarkParser.cpp.o);lib/libLLVMSupport.a(Path.cpp.o);llvm::sys::path::append(llvm::SmallVectorImpl<char>&, llvm::Twine const&, llvm::Twine const&, llvm::Twine const&, llvm::Twine const&);Defined DefinedKind
lib/libLLVMRemarks.a(BitstreamRemarkParser.cpp.o);lib/libLLVMBitstreamReader.a(BitstreamReader.cpp.o);llvm::BitstreamCursor::EnterSubBlock(unsigned int, unsigned int*);Defined DefinedKind
lib/libLLVMRemarks.a(BitstreamRemarkParser.cpp.o);lib/libLLVMBitstreamReader.a(BitstreamReader.cpp.o);llvm::BitstreamCursor::readRecord(unsigned int, llvm::SmallVectorImpl<unsigned long>&, llvm::StringRef*);Defined DefinedKind
lib/libLLVMRemarks.a(BitstreamRemarkParser.cpp.o);lib/libLLVMBitstreamReader.a(BitstreamReader.cpp.o);llvm::BitstreamCursor::ReadAbbrevRecord();Defined DefinedKind
lib/libLLVMRemarks.a(BitstreamRemarkParser.cpp.o);lib/libLLVMBitstreamReader.a(BitstreamReader.cpp.o);llvm::BitstreamCursor::ReadBlockInfoBlock(bool);Defined DefinedKind
lib/libLLVMRemarks.a(YAMLRemarkParser.cpp.o);lib/libLLVMSupport.a(Error.cpp.o);llvm::inconvertibleErrorCode();Defined DefinedKind
lib/libLLVMRemarks.a(YAMLRemarkParser.cpp.o);lib/libLLVMSupport.a(Error.cpp.o);llvm::ErrorInfoBase::ID;Defined DefinedKind
lib/libLLVMRemarks.a(YAMLRemarkParser.cpp.o);lib/libLLVMSupport.a(Error.cpp.o);llvm::createStringError(std::error_code, char const*);Defined DefinedKind
lib/libLLVMRemarks.a(YAMLRemarkParser.cpp.o);lib/libLLVMSupport.a(Error.cpp.o);llvm::ErrorList::ID;Defined DefinedKind
lib/libLLVMRemarks.a(YAMLRemarkParser.cpp.o);lib/libLLVMSupport.a(Error.cpp.o);llvm::StringError::StringError(llvm::Twine const&, std::error_code);Defined DefinedKind
lib/libLLVMRemarks.a(YAMLRemarkParser.cpp.o);lib/libLLVMSupport.a(Error.cpp.o);llvm::errorCodeToError(std::error_code);Defined DefinedKind
lib/libLLVMRemarks.a(YAMLRemarkParser.cpp.o);lib/libLLVMSupport.a(Error.cpp.o);llvm::ErrorInfoBase::anchor();Defined DefinedKind
lib/libLLVMRemarks.a(YAMLRemarkParser.cpp.o);lib/libLLVMSupport.a(MemAlloc.cpp.o);llvm::deallocate_buffer(void*, unsigned long, unsigned long);Defined DefinedKind
lib/libLLVMRemarks.a(YAMLRemarkParser.cpp.o);lib/libLLVMSupport.a(MemoryBuffer.cpp.o);llvm::MemoryBuffer::getFile(llvm::Twine const&, bool, bool, bool);Defined DefinedKind
lib/libLLVMRemarks.a(YAMLRemarkParser.cpp.o);lib/libLLVMSupport.a(SourceMgr.cpp.o);llvm::SMDiagnostic::print(char const*, llvm::raw_ostream&, bool, bool) const;Defined DefinedKind
lib/libLLVMRemarks.a(YAMLRemarkParser.cpp.o);lib/libLLVMSupport.a(SourceMgr.cpp.o);llvm::SourceMgr::SrcBuffer::~SrcBuffer();Defined DefinedKind
lib/libLLVMRemarks.a(YAMLRemarkParser.cpp.o);lib/libLLVMSupport.a(StringRef.cpp.o);llvm::getAsUnsignedInteger(llvm::StringRef, unsigned int, unsigned long long&);Defined DefinedKind
lib/libLLVMRemarks.a(YAMLRemarkParser.cpp.o);lib/libLLVMSupport.a(Twine.cpp.o);llvm::Twine::str[abi:cxx11]() const;Defined DefinedKind
lib/libLLVMRemarks.a(YAMLRemarkParser.cpp.o);lib/libLLVMSupport.a(YAMLParser.cpp.o);llvm::yaml::Document::skip();Defined DefinedKind
lib/libLLVMRemarks.a(YAMLRemarkParser.cpp.o);lib/libLLVMSupport.a(YAMLParser.cpp.o);llvm::yaml::Stream::end();Defined DefinedKind
lib/libLLVMRemarks.a(YAMLRemarkParser.cpp.o);lib/libLLVMSupport.a(YAMLParser.cpp.o);llvm::yaml::Document::Document(llvm::yaml::Stream&);Defined DefinedKind
lib/libLLVMRemarks.a(YAMLRemarkParser.cpp.o);lib/libLLVMSupport.a(YAMLParser.cpp.o);llvm::yaml::SequenceNode::increment();Defined DefinedKind
lib/libLLVMRemarks.a(YAMLRemarkParser.cpp.o);lib/libLLVMSupport.a(YAMLParser.cpp.o);llvm::yaml::MappingNode::increment();Defined DefinedKind
lib/libLLVMRemarks.a(YAMLRemarkParser.cpp.o);lib/libLLVMSupport.a(YAMLParser.cpp.o);llvm::yaml::Document::parseBlockNode();Defined DefinedKind
lib/libLLVMRemarks.a(YAMLRemarkParser.cpp.o);lib/libLLVMSupport.a(YAMLParser.cpp.o);llvm::yaml::ScalarNode::getValue(llvm::SmallVectorImpl<char>&) const;Defined DefinedKind
lib/libLLVMRemarks.a(YAMLRemarkParser.cpp.o);lib/libLLVMSupport.a(YAMLParser.cpp.o);llvm::yaml::KeyValueNode::getKey();Defined DefinedKind
lib/libLLVMRemarks.a(YAMLRemarkParser.cpp.o);lib/libLLVMSupport.a(YAMLParser.cpp.o);llvm::yaml::Stream::begin();Defined DefinedKind
lib/libLLVMRemarks.a(YAMLRemarkParser.cpp.o);lib/libLLVMSupport.a(YAMLParser.cpp.o);llvm::yaml::Stream::Stream(llvm::StringRef, llvm::SourceMgr&, bool, std::error_code*);Defined DefinedKind
lib/libLLVMRemarks.a(YAMLRemarkParser.cpp.o);lib/libLLVMSupport.a(YAMLParser.cpp.o);llvm::yaml::Stream::printError(llvm::yaml::Node*, llvm::Twine const&, llvm::SourceMgr::DiagKind);Defined DefinedKind
lib/libLLVMRemarks.a(YAMLRemarkParser.cpp.o);lib/libLLVMSupport.a(YAMLParser.cpp.o);llvm::yaml::KeyValueNode::getValue();Defined DefinedKind
lib/libLLVMRemarks.a(YAMLRemarkParser.cpp.o);lib/libLLVMSupport.a(YAMLParser.cpp.o);llvm::yaml::Stream::~Stream();Defined DefinedKind
lib/libLLVMRemarks.a(YAMLRemarkParser.cpp.o);lib/libLLVMSupport.a(raw_ostream.cpp.o);llvm::raw_ostream::operator<<(llvm::format_object_base const&);Defined DefinedKind
lib/libLLVMRemarks.a(YAMLRemarkParser.cpp.o);lib/libLLVMSupport.a(raw_ostream.cpp.o);llvm::raw_ostream::write(unsigned char);Defined DefinedKind
lib/libLLVMRemarks.a(YAMLRemarkParser.cpp.o);lib/libLLVMSupport.a(raw_ostream.cpp.o);llvm::raw_string_ostream::~raw_string_ostream();Defined DefinedKind
lib/libLLVMRemarks.a(YAMLRemarkParser.cpp.o);lib/libLLVMSupport.a(raw_ostream.cpp.o);llvm::raw_ostream::flush_nonempty();Defined DefinedKind
lib/libLLVMRemarks.a(YAMLRemarkParser.cpp.o);lib/libLLVMSupport.a(raw_ostream.cpp.o);llvm::raw_ostream::SetBufferAndMode(char*, unsigned long, llvm::raw_ostream::BufferKind);Defined DefinedKind
lib/libLLVMRemarks.a(YAMLRemarkParser.cpp.o);lib/libLLVMSupport.a(raw_ostream.cpp.o);llvm::raw_ostream::write(char const*, unsigned long);Defined DefinedKind
lib/libLLVMRemarks.a(YAMLRemarkParser.cpp.o);lib/libLLVMSupport.a(raw_ostream.cpp.o);llvm::format_object_base::home();Defined DefinedKind
lib/libLLVMRemarks.a(YAMLRemarkParser.cpp.o);lib/libLLVMSupport.a(Path.cpp.o);llvm::sys::path::append(llvm::SmallVectorImpl<char>&, llvm::Twine const&, llvm::Twine const&, llvm::Twine const&, llvm::Twine const&);Defined DefinedKind
lib/libLLVMRemarks.a(YAMLRemarkSerializer.cpp.o);lib/libLLVMSupport.a(MemAlloc.cpp.o);llvm::deallocate_buffer(void*, unsigned long, unsigned long);Defined DefinedKind
lib/libLLVMRemarks.a(YAMLRemarkSerializer.cpp.o);lib/libLLVMSupport.a(StringRef.cpp.o);llvm::StringRef::find_first_not_of(llvm::StringRef, unsigned long) const;Defined DefinedKind
lib/libLLVMRemarks.a(YAMLRemarkSerializer.cpp.o);lib/libLLVMSupport.a(StringRef.cpp.o);llvm::StringRef::find_first_of(llvm::StringRef, unsigned long) const;Defined DefinedKind
lib/libLLVMRemarks.a(YAMLRemarkSerializer.cpp.o);lib/libLLVMSupport.a(StringRef.cpp.o);llvm::StringRef::find_last_not_of(char, unsigned long) const;Defined DefinedKind
lib/libLLVMRemarks.a(YAMLRemarkSerializer.cpp.o);lib/libLLVMSupport.a(raw_ostream.cpp.o);llvm::raw_ostream::write(char const*, unsigned long);Defined DefinedKind
lib/libLLVMRemarks.a(YAMLRemarkSerializer.cpp.o);lib/libLLVMSupport.a(raw_ostream.cpp.o);llvm::raw_ostream::write(unsigned char);Defined DefinedKind
lib/libLLVMRemarks.a(YAMLRemarkSerializer.cpp.o);lib/libLLVMSupport.a(raw_ostream.cpp.o);llvm::raw_ostream::SetBufferAndMode(char*, unsigned long, llvm::raw_ostream::BufferKind);Defined DefinedKind
lib/libLLVMRemarks.a(YAMLRemarkSerializer.cpp.o);lib/libLLVMSupport.a(raw_ostream.cpp.o);llvm::raw_ostream::flush_nonempty();Defined DefinedKind
lib/libLLVMRemarks.a(YAMLRemarkSerializer.cpp.o);lib/libLLVMSupport.a(raw_ostream.cpp.o);llvm::raw_string_ostream::~raw_string_ostream();Defined DefinedKind
lib/libLLVMRemarks.a(YAMLRemarkSerializer.cpp.o);lib/libLLVMSupport.a(YAMLTraits.cpp.o);llvm::yaml::IO::getContext() const;Defined DefinedKind
lib/libLLVMRemarks.a(YAMLRemarkSerializer.cpp.o);lib/libLLVMSupport.a(YAMLTraits.cpp.o);llvm::yaml::ScalarTraits<unsigned int, void>::input(llvm::StringRef, void*, unsigned int&);Defined DefinedKind
lib/libLLVMRemarks.a(YAMLRemarkSerializer.cpp.o);lib/libLLVMSupport.a(YAMLTraits.cpp.o);llvm::yaml::ScalarTraits<unsigned int, void>::output(unsigned int const&, void*, llvm::raw_ostream&);Defined DefinedKind
lib/libLLVMRemarks.a(YAMLRemarkSerializer.cpp.o);lib/libLLVMSupport.a(YAMLTraits.cpp.o);llvm::yaml::ScalarTraits<llvm::StringRef, void>::output(llvm::StringRef const&, void*, llvm::raw_ostream&);Defined DefinedKind
lib/libLLVMRemarks.a(YAMLRemarkSerializer.cpp.o);lib/libLLVMSupport.a(YAMLTraits.cpp.o);llvm::yaml::ScalarTraits<llvm::StringRef, void>::input(llvm::StringRef, void*, llvm::StringRef&);Defined DefinedKind
lib/libLLVMRemarks.a(YAMLRemarkSerializer.cpp.o);lib/libLLVMSupport.a(YAMLTraits.cpp.o);llvm::yaml::Output::postflightDocument();Defined DefinedKind
lib/libLLVMSupport.a(YAMLTraits.cpp.o);lib/libLLVMSupport.a(ErrorHandling.cpp.o);llvm::report_fatal_error(char const*, bool);Defined DefinedKind
lib/libLLVMSupport.a(YAMLTraits.cpp.o);lib/libLLVMSupport.a(MemAlloc.cpp.o);llvm::deallocate_buffer(void*, unsigned long, unsigned long);Defined DefinedKind
lib/libLLVMSupport.a(YAMLTraits.cpp.o);lib/libLLVMSupport.a(MemAlloc.cpp.o);llvm::allocate_buffer(unsigned long, unsigned long);Defined DefinedKind
lib/libLLVMSupport.a(YAMLTraits.cpp.o);lib/libLLVMSupport.a(MemoryBuffer.cpp.o);llvm::MemoryBuffer::getMemBuffer(llvm::StringRef, llvm::StringRef, bool);Defined DefinedKind
lib/libLLVMSupport.a(YAMLTraits.cpp.o);lib/libLLVMSupport.a(SourceMgr.cpp.o);llvm::SourceMgr::SrcBuffer::~SrcBuffer();Defined DefinedKind
lib/libLLVMSupport.a(YAMLTraits.cpp.o);lib/libLLVMSupport.a(StringMap.cpp.o);llvm::StringMapImpl::RehashTable(unsigned int);Defined DefinedKind
lib/libLLVMSupport.a(YAMLTraits.cpp.o);lib/libLLVMSupport.a(StringMap.cpp.o);llvm::StringMapImpl::LookupBucketFor(llvm::StringRef);Defined DefinedKind
lib/libLLVMSupport.a(YAMLTraits.cpp.o);lib/libLLVMSupport.a(StringRef.cpp.o);llvm::getAsUnsignedInteger(llvm::StringRef, unsigned int, unsigned long long&);Defined DefinedKind
lib/libLLVMSupport.a(YAMLTraits.cpp.o);lib/libLLVMSupport.a(StringRef.cpp.o);llvm::getAsSignedInteger(llvm::StringRef, unsigned int, long long&);Defined DefinedKind
lib/libLLVMSupport.a(YAMLTraits.cpp.o);lib/libLLVMSupport.a(Twine.cpp.o);llvm::Twine::toNullTerminatedStringRef(llvm::SmallVectorImpl<char>&) const;Defined DefinedKind
lib/libLLVMSupport.a(YAMLTraits.cpp.o);lib/libLLVMSupport.a(YAMLParser.cpp.o);llvm::yaml::Stream::end();Defined DefinedKind
lib/libLLVMSupport.a(YAMLTraits.cpp.o);lib/libLLVMSupport.a(YAMLParser.cpp.o);llvm::yaml::KeyValueNode::getValue();Defined DefinedKind
lib/libLLVMSupport.a(YAMLTraits.cpp.o);lib/libLLVMSupport.a(YAMLParser.cpp.o);llvm::yaml::KeyValueNode::getKey();Defined DefinedKind
lib/libLLVMSupport.a(YAMLTraits.cpp.o);lib/libLLVMSupport.a(YAMLParser.cpp.o);llvm::yaml::MappingNode::increment();Defined DefinedKind
lib/libLLVMSupport.a(YAMLTraits.cpp.o);lib/libLLVMSupport.a(YAMLParser.cpp.o);llvm::yaml::SequenceNode::increment();Defined DefinedKind
lib/libLLVMSupport.a(YAMLTraits.cpp.o);lib/libLLVMSupport.a(YAMLParser.cpp.o);llvm::yaml::ScalarNode::getValue(llvm::SmallVectorImpl<char>&) const;Defined DefinedKind
lib/libLLVMSupport.a(YAMLTraits.cpp.o);lib/libLLVMSupport.a(YAMLParser.cpp.o);llvm::yaml::Document::skip();Defined DefinedKind
lib/libLLVMSupport.a(YAMLTraits.cpp.o);lib/libLLVMSupport.a(YAMLParser.cpp.o);llvm::yaml::Document::Document(llvm::yaml::Stream&);Defined DefinedKind
lib/libLLVMSupport.a(YAMLTraits.cpp.o);lib/libLLVMSupport.a(YAMLParser.cpp.o);llvm::yaml::Document::parseBlockNode();Defined DefinedKind
lib/libLLVMSupport.a(YAMLTraits.cpp.o);lib/libLLVMSupport.a(YAMLParser.cpp.o);llvm::yaml::Stream::printError(llvm::SMRange const&, llvm::Twine const&, llvm::SourceMgr::DiagKind);Defined DefinedKind
lib/libLLVMSupport.a(YAMLTraits.cpp.o);lib/libLLVMSupport.a(YAMLParser.cpp.o);llvm::yaml::Stream::begin();Defined DefinedKind
lib/libLLVMSupport.a(YAMLTraits.cpp.o);lib/libLLVMSupport.a(YAMLParser.cpp.o);llvm::yaml::Stream::Stream(llvm::StringRef, llvm::SourceMgr&, bool, std::error_code*);Defined DefinedKind
lib/libLLVMSupport.a(YAMLTraits.cpp.o);lib/libLLVMSupport.a(YAMLParser.cpp.o);llvm::yaml::Node::getVerbatimTag[abi:cxx11]() const;Defined DefinedKind
lib/libLLVMSupport.a(YAMLTraits.cpp.o);lib/libLLVMSupport.a(YAMLParser.cpp.o);llvm::yaml::Stream::printError(llvm::yaml::Node*, llvm::Twine const&, llvm::SourceMgr::DiagKind);Defined DefinedKind
lib/libLLVMSupport.a(YAMLTraits.cpp.o);lib/libLLVMSupport.a(YAMLParser.cpp.o);llvm::yaml::Stream::~Stream();Defined DefinedKind
lib/libLLVMSupport.a(YAMLTraits.cpp.o);lib/libLLVMSupport.a(raw_ostream.cpp.o);llvm::format_object_base::home();Defined DefinedKind
lib/libLLVMSupport.a(YAMLTraits.cpp.o);lib/libLLVMSupport.a(raw_ostream.cpp.o);llvm::raw_ostream::operator<<(llvm::format_object_base const&);Defined DefinedKind
lib/libLLVMSupport.a(YAMLTraits.cpp.o);lib/libLLVMSupport.a(raw_ostream.cpp.o);llvm::raw_ostream::operator<<(long);Defined DefinedKind
lib/libLLVMSupport.a(YAMLTraits.cpp.o);lib/libLLVMSupport.a(raw_ostream.cpp.o);llvm::raw_ostream::operator<<(unsigned long);Defined DefinedKind
lib/libLLVMSupport.a(YAMLTraits.cpp.o);lib/libLLVMSupport.a(raw_ostream.cpp.o);llvm::raw_ostream::write(char const*, unsigned long);Defined DefinedKind
lib/libLLVMSupport.a(LineIterator.cpp.o);lib/libLLVMSupport.a(MemoryBuffer.cpp.o);llvm::MemoryBuffer::getMemBufferRef() const;Defined DefinedKind
lib/libLLVMSupport.a(VersionTuple.cpp.o);lib/libLLVMSupport.a(raw_ostream.cpp.o);llvm::raw_ostream::operator<<(unsigned long);Defined DefinedKind
lib/libLLVMSupport.a(VersionTuple.cpp.o);lib/libLLVMSupport.a(raw_ostream.cpp.o);llvm::raw_ostream::write(unsigned char);Defined DefinedKind
lib/libLLVMSupport.a(VersionTuple.cpp.o);lib/libLLVMSupport.a(raw_ostream.cpp.o);llvm::raw_ostream::SetBufferAndMode(char*, unsigned long, llvm::raw_ostream::BufferKind);Defined DefinedKind
lib/libLLVMSupport.a(VersionTuple.cpp.o);lib/libLLVMSupport.a(raw_ostream.cpp.o);llvm::raw_string_ostream::~raw_string_ostream();Defined DefinedKind
lib/libLLVMBitstreamReader.a(BitstreamReader.cpp.o);lib/libLLVMSupport.a(BinaryStreamRef.cpp.o);std::_Sp_make_shared_tag::_S_ti()::__tag;Defined DefinedKind
lib/libLLVMBitstreamReader.a(BitstreamReader.cpp.o);lib/libLLVMSupport.a(Error.cpp.o);llvm::StringError::StringError(llvm::Twine const&, std::error_code);Defined DefinedKind
lib/libLLVMBitstreamReader.a(BitstreamReader.cpp.o);lib/libLLVMSupport.a(Error.cpp.o);llvm::createStringError(std::error_code, char const*);Defined DefinedKind
lib/libLLVMBitstreamReader.a(BitstreamReader.cpp.o);lib/libLLVMSupport.a(ErrorHandling.cpp.o);llvm::report_fatal_error(char const*, bool);Defined DefinedKind
lib/libLLVMBitstreamReader.a(BitstreamReader.cpp.o);lib/libLLVMSupport.a(raw_ostream.cpp.o);llvm::raw_ostream::SetBufferAndMode(char*, unsigned long, llvm::raw_ostream::BufferKind);Defined DefinedKind
lib/libLLVMBitstreamReader.a(BitstreamReader.cpp.o);lib/libLLVMSupport.a(raw_ostream.cpp.o);llvm::raw_ostream::operator<<(llvm::format_object_base const&);Defined DefinedKind
lib/libLLVMBitstreamReader.a(BitstreamReader.cpp.o);lib/libLLVMSupport.a(raw_ostream.cpp.o);llvm::raw_ostream::flush_nonempty();Defined DefinedKind
lib/libLLVMBitstreamReader.a(BitstreamReader.cpp.o);lib/libLLVMSupport.a(raw_ostream.cpp.o);llvm::raw_string_ostream::~raw_string_ostream();Defined DefinedKind
lib/libLLVMBitstreamReader.a(BitstreamReader.cpp.o);lib/libLLVMSupport.a(raw_ostream.cpp.o);llvm::format_object_base::home();Defined DefinedKind
lib/libLLVMMCParser.a(AsmParser.cpp.o);lib/libLLVMSupport.a(Error.cpp.o);llvm::ErrorInfoBase::ID;Defined DefinedKind
lib/libLLVMMCParser.a(AsmParser.cpp.o);lib/libLLVMSupport.a(Error.cpp.o);llvm::ErrorList::ID;Defined DefinedKind
lib/libLLVMMCParser.a(AsmParser.cpp.o);lib/libLLVMSupport.a(ErrorHandling.cpp.o);llvm::report_fatal_error(char const*, bool);Defined DefinedKind
lib/libLLVMMCParser.a(AsmParser.cpp.o);lib/libLLVMSupport.a(MemAlloc.cpp.o);llvm::deallocate_buffer(void*, unsigned long, unsigned long);Defined DefinedKind
lib/libLLVMMCParser.a(AsmParser.cpp.o);lib/libLLVMSupport.a(MemAlloc.cpp.o);llvm::allocate_buffer(unsigned long, unsigned long);Defined DefinedKind
lib/libLLVMMCParser.a(AsmParser.cpp.o);lib/libLLVMSupport.a(MemoryBuffer.cpp.o);llvm::MemoryBuffer::getMemBufferCopy(llvm::StringRef, llvm::Twine const&);Defined DefinedKind
lib/libLLVMMCParser.a(AsmParser.cpp.o);lib/libLLVMSupport.a(SourceMgr.cpp.o);llvm::SourceMgr::SrcBuffer::SrcBuffer(llvm::SourceMgr::SrcBuffer&&);Defined DefinedKind
lib/libLLVMMCParser.a(AsmParser.cpp.o);lib/libLLVMSupport.a(SourceMgr.cpp.o);llvm::SourceMgr::SrcBuffer::~SrcBuffer();Defined DefinedKind
lib/libLLVMMCParser.a(AsmParser.cpp.o);lib/libLLVMSupport.a(SourceMgr.cpp.o);llvm::SourceMgr::PrintMessage(llvm::SMLoc, llvm::SourceMgr::DiagKind, llvm::Twine const&, llvm::ArrayRef<llvm::SMRange>, llvm::ArrayRef<llvm::SMFixIt>, bool) const;Defined DefinedKind
lib/libLLVMMCParser.a(AsmParser.cpp.o);lib/libLLVMSupport.a(SourceMgr.cpp.o);llvm::SourceMgr::AddIncludeFile(std::__cxx11::basic_string<char, std::char_traits<char>, std::allocator<char> > const&, llvm::SMLoc, std::__cxx11::basic_string<char, std::char_traits<char>, std::allocator<char> >&);Defined DefinedKind
lib/libLLVMMCParser.a(AsmParser.cpp.o);lib/libLLVMSupport.a(SourceMgr.cpp.o);llvm::SourceMgr::PrintIncludeStack(llvm::SMLoc, llvm::raw_ostream&) const;Defined DefinedKind
lib/libLLVMMCParser.a(AsmParser.cpp.o);lib/libLLVMSupport.a(SourceMgr.cpp.o);llvm::SMDiagnostic::SMDiagnostic(llvm::SourceMgr const&, llvm::SMLoc, llvm::StringRef, int, int, llvm::SourceMgr::DiagKind, llvm::StringRef, llvm::StringRef, llvm::ArrayRef<std::pair<unsigned int, unsigned int> >, llvm::ArrayRef<llvm::SMFixIt>);Defined DefinedKind
lib/libLLVMMCParser.a(AsmParser.cpp.o);lib/libLLVMSupport.a(SourceMgr.cpp.o);llvm::SourceMgr::getLineAndColumn(llvm::SMLoc, unsigned int) const;Defined DefinedKind
lib/libLLVMMCParser.a(AsmParser.cpp.o);lib/libLLVMSupport.a(SourceMgr.cpp.o);llvm::SourceMgr::FindBufferContainingLoc(llvm::SMLoc) const;Defined DefinedKind
lib/libLLVMMCParser.a(AsmParser.cpp.o);lib/libLLVMSupport.a(StringMap.cpp.o);llvm::StringMapImpl::FindKey(llvm::StringRef) const;Defined DefinedKind
lib/libLLVMMCParser.a(AsmParser.cpp.o);lib/libLLVMSupport.a(StringMap.cpp.o);llvm::StringMapImpl::LookupBucketFor(llvm::StringRef);Defined DefinedKind
lib/libLLVMMCParser.a(AsmParser.cpp.o);lib/libLLVMSupport.a(StringMap.cpp.o);llvm::StringMapImpl::RehashTable(unsigned int);Defined DefinedKind
lib/libLLVMMCParser.a(AsmParser.cpp.o);lib/libLLVMSupport.a(StringMap.cpp.o);llvm::StringMapImpl::RemoveKey(llvm::StringMapEntryBase*);Defined DefinedKind
lib/libLLVMMCParser.a(AsmParser.cpp.o);lib/libLLVMSupport.a(StringRef.cpp.o);llvm::StringRef::compare_lower(llvm::StringRef) const;Defined DefinedKind
lib/libLLVMMCParser.a(AsmParser.cpp.o);lib/libLLVMSupport.a(StringRef.cpp.o);llvm::StringRef::find_first_not_of(llvm::StringRef, unsigned long) const;Defined DefinedKind
lib/libLLVMMCParser.a(AsmParser.cpp.o);lib/libLLVMSupport.a(StringRef.cpp.o);llvm::StringRef::find_last_not_of(llvm::StringRef, unsigned long) const;Defined DefinedKind
lib/libLLVMMCParser.a(AsmParser.cpp.o);lib/libLLVMSupport.a(StringRef.cpp.o);llvm::StringRef::lower[abi:cxx11]() const;Defined DefinedKind
lib/libLLVMMCParser.a(AsmParser.cpp.o);lib/libLLVMSupport.a(StringRef.cpp.o);llvm::StringRef::find(llvm::StringRef, unsigned long) const;Defined DefinedKind
lib/libLLVMMCParser.a(AsmParser.cpp.o);lib/libLLVMSupport.a(APFloat.cpp.o);llvm::APFloat::APFloat(llvm::fltSemantics const&, llvm::StringRef);Defined DefinedKind
lib/libLLVMMCParser.a(AsmParser.cpp.o);lib/libLLVMSupport.a(APFloat.cpp.o);llvm::APFloatBase::IEEEsingle();Defined DefinedKind
lib/libLLVMMCParser.a(AsmParser.cpp.o);lib/libLLVMSupport.a(APFloat.cpp.o);llvm::detail::IEEEFloat::bitcastToAPInt() const;Defined DefinedKind
lib/libLLVMMCParser.a(AsmParser.cpp.o);lib/libLLVMSupport.a(APFloat.cpp.o);llvm::detail::DoubleAPFloat::DoubleAPFloat(llvm::fltSemantics const&);Defined DefinedKind
lib/libLLVMMCParser.a(AsmParser.cpp.o);lib/libLLVMSupport.a(APFloat.cpp.o);llvm::detail::IEEEFloat::makeNaN(bool, bool, llvm::APInt const*);Defined DefinedKind
lib/libLLVMMCParser.a(AsmParser.cpp.o);lib/libLLVMSupport.a(APFloat.cpp.o);llvm::detail::IEEEFloat::changeSign();Defined DefinedKind
lib/libLLVMMCParser.a(AsmParser.cpp.o);lib/libLLVMSupport.a(APFloat.cpp.o);llvm::detail::DoubleAPFloat::bitcastToAPInt() const;Defined DefinedKind
lib/libLLVMMCParser.a(AsmParser.cpp.o);lib/libLLVMSupport.a(APFloat.cpp.o);llvm::detail::IEEEFloat::IEEEFloat(llvm::detail::IEEEFloat&&);Defined DefinedKind
lib/libLLVMMCParser.a(AsmParser.cpp.o);lib/libLLVMSupport.a(APFloat.cpp.o);llvm::detail::DoubleAPFloat::makeInf(bool);Defined DefinedKind
lib/libLLVMMCParser.a(AsmParser.cpp.o);lib/libLLVMSupport.a(APFloat.cpp.o);llvm::detail::DoubleAPFloat::DoubleAPFloat(llvm::fltSemantics const&, llvm::APFloatBase::uninitializedTag);Defined DefinedKind
lib/libLLVMMCParser.a(AsmParser.cpp.o);lib/libLLVMSupport.a(APFloat.cpp.o);llvm::detail::DoubleAPFloat::DoubleAPFloat(llvm::detail::DoubleAPFloat&&);Defined DefinedKind
lib/libLLVMMCParser.a(AsmParser.cpp.o);lib/libLLVMSupport.a(APFloat.cpp.o);llvm::APFloatBase::PPCDoubleDouble();Defined DefinedKind
lib/libLLVMMCParser.a(AsmParser.cpp.o);lib/libLLVMSupport.a(APFloat.cpp.o);llvm::detail::DoubleAPFloat::changeSign();Defined DefinedKind
lib/libLLVMMCParser.a(AsmParser.cpp.o);lib/libLLVMSupport.a(APFloat.cpp.o);llvm::detail::IEEEFloat::IEEEFloat(llvm::fltSemantics const&, llvm::APFloatBase::uninitializedTag);Defined DefinedKind
lib/libLLVMMCParser.a(AsmParser.cpp.o);lib/libLLVMSupport.a(APFloat.cpp.o);llvm::detail::IEEEFloat::~IEEEFloat();Defined DefinedKind
lib/libLLVMMCParser.a(AsmParser.cpp.o);lib/libLLVMSupport.a(APFloat.cpp.o);llvm::APFloat::convertFromString(llvm::StringRef, llvm::RoundingMode);Defined DefinedKind
lib/libLLVMMCParser.a(AsmParser.cpp.o);lib/libLLVMSupport.a(APFloat.cpp.o);llvm::detail::DoubleAPFloat::makeNaN(bool, bool, llvm::APInt const*);Defined DefinedKind
lib/libLLVMMCParser.a(AsmParser.cpp.o);lib/libLLVMSupport.a(APFloat.cpp.o);llvm::detail::IEEEFloat::IEEEFloat(llvm::fltSemantics const&);Defined DefinedKind
lib/libLLVMMCParser.a(AsmParser.cpp.o);lib/libLLVMSupport.a(APFloat.cpp.o);llvm::detail::IEEEFloat::operator=(llvm::detail::IEEEFloat&&);Defined DefinedKind
lib/libLLVMMCParser.a(AsmParser.cpp.o);lib/libLLVMSupport.a(APFloat.cpp.o);llvm::APFloatBase::IEEEdouble();Defined DefinedKind
lib/libLLVMMCParser.a(AsmParser.cpp.o);lib/libLLVMSupport.a(APFloat.cpp.o);llvm::detail::IEEEFloat::makeInf(bool);Defined DefinedKind
lib/libLLVMMCParser.a(AsmParser.cpp.o);lib/libLLVMSupport.a(APInt.cpp.o);llvm::APInt::getHiBits(unsigned int) const;Defined DefinedKind
lib/libLLVMMCParser.a(AsmParser.cpp.o);lib/libLLVMSupport.a(APInt.cpp.o);llvm::APInt::countLeadingZerosSlowCase() const;Defined DefinedKind
lib/libLLVMMCParser.a(AsmParser.cpp.o);lib/libLLVMSupport.a(APInt.cpp.o);llvm::APInt::initSlowCase(llvm::APInt const&);Defined DefinedKind
lib/libLLVMMCParser.a(AsmParser.cpp.o);lib/libLLVMSupport.a(APInt.cpp.o);llvm::APInt::AssignSlowCase(llvm::APInt const&);Defined DefinedKind
lib/libLLVMMCParser.a(AsmParser.cpp.o);lib/libLLVMSupport.a(APInt.cpp.o);llvm::APInt::getLoBits(unsigned int) const;Defined DefinedKind
lib/libLLVMMCParser.a(AsmParser.cpp.o);lib/libLLVMSupport.a(Twine.cpp.o);llvm::Twine::str[abi:cxx11]() const;Defined DefinedKind
lib/libLLVMMCParser.a(AsmParser.cpp.o);lib/libLLVMSupport.a(raw_ostream.cpp.o);llvm::raw_ostream::~raw_ostream();Defined DefinedKind
lib/libLLVMMCParser.a(AsmParser.cpp.o);lib/libLLVMSupport.a(raw_ostream.cpp.o);llvm::outs();Defined DefinedKind
lib/libLLVMMCParser.a(AsmParser.cpp.o);lib/libLLVMSupport.a(raw_ostream.cpp.o);llvm::raw_string_ostream::~raw_string_ostream();Defined DefinedKind
lib/libLLVMMCParser.a(AsmParser.cpp.o);lib/libLLVMSupport.a(raw_ostream.cpp.o);llvm::errs();Defined DefinedKind
lib/libLLVMMCParser.a(AsmParser.cpp.o);lib/libLLVMSupport.a(raw_ostream.cpp.o);llvm::raw_ostream::flush_nonempty();Defined DefinedKind
lib/libLLVMMCParser.a(AsmParser.cpp.o);lib/libLLVMSupport.a(raw_ostream.cpp.o);llvm::raw_ostream::write(char const*, unsigned long);Defined DefinedKind
lib/libLLVMMCParser.a(AsmParser.cpp.o);lib/libLLVMSupport.a(raw_ostream.cpp.o);llvm::raw_ostream::SetBufferAndMode(char*, unsigned long, llvm::raw_ostream::BufferKind);Defined DefinedKind
lib/libLLVMMCParser.a(AsmParser.cpp.o);lib/libLLVMSupport.a(raw_ostream.cpp.o);llvm::raw_ostream::operator<<(unsigned long);Defined DefinedKind
lib/libLLVMMCParser.a(AsmParser.cpp.o);lib/libLLVMSupport.a(raw_ostream.cpp.o);llvm::raw_ostream::operator<<(long);Defined DefinedKind
lib/libLLVMMCParser.a(AsmParser.cpp.o);lib/libLLVMSupport.a(raw_ostream.cpp.o);llvm::raw_ostream::write(unsigned char);Defined DefinedKind
lib/libLLVMMCParser.a(AsmParser.cpp.o);lib/libLLVMMCParser.a(AsmLexer.cpp.o);llvm::AsmLexer::peekTokens(llvm::MutableArrayRef<llvm::AsmToken>, bool);Defined DefinedKind
lib/libLLVMMCParser.a(AsmParser.cpp.o);lib/libLLVMMCParser.a(AsmLexer.cpp.o);llvm::AsmLexer::AsmLexer(llvm::MCAsmInfo const&);Defined DefinedKind
lib/libLLVMMCParser.a(AsmParser.cpp.o);lib/libLLVMMCParser.a(AsmLexer.cpp.o);llvm::AsmLexer::LexToken();Defined DefinedKind
lib/libLLVMMCParser.a(AsmParser.cpp.o);lib/libLLVMMCParser.a(AsmLexer.cpp.o);llvm::AsmLexer::~AsmLexer();Defined DefinedKind
lib/libLLVMMCParser.a(AsmParser.cpp.o);lib/libLLVMMCParser.a(AsmLexer.cpp.o);llvm::AsmLexer::setBuffer(llvm::StringRef, char const*, bool);Defined DefinedKind
lib/libLLVMMCParser.a(AsmParser.cpp.o);lib/libLLVMMCParser.a(COFFAsmParser.cpp.o);llvm::createCOFFAsmParser();Defined DefinedKind
lib/libLLVMMCParser.a(AsmParser.cpp.o);lib/libLLVMMCParser.a(DarwinAsmParser.cpp.o);llvm::createDarwinAsmParser();Defined DefinedKind
lib/libLLVMMCParser.a(AsmParser.cpp.o);lib/libLLVMMCParser.a(ELFAsmParser.cpp.o);llvm::createELFAsmParser();Defined DefinedKind
lib/libLLVMMCParser.a(AsmParser.cpp.o);lib/libLLVMMCParser.a(MCAsmLexer.cpp.o);llvm::MCAsmLexer::getLoc() const;Defined DefinedKind
lib/libLLVMMCParser.a(AsmParser.cpp.o);lib/libLLVMMCParser.a(MCAsmLexer.cpp.o);llvm::AsmToken::getEndLoc() const;Defined DefinedKind
lib/libLLVMMCParser.a(AsmParser.cpp.o);lib/libLLVMMCParser.a(MCAsmLexer.cpp.o);llvm::AsmToken::getLoc() const;Defined DefinedKind
lib/libLLVMMCParser.a(AsmParser.cpp.o);lib/libLLVMMCParser.a(MCAsmParser.cpp.o);AsmMacroMaxNestingDepth;Defined DefinedKind
lib/libLLVMMCParser.a(AsmParser.cpp.o);lib/libLLVMMCParser.a(MCAsmParser.cpp.o);llvm::MCAsmParser::~MCAsmParser();Defined DefinedKind
lib/libLLVMMCParser.a(AsmParser.cpp.o);lib/libLLVMMCParser.a(MCAsmParser.cpp.o);llvm::MCAsmParser::parseOptionalToken(llvm::AsmToken::TokenKind);Defined DefinedKind
lib/libLLVMMCParser.a(AsmParser.cpp.o);lib/libLLVMMCParser.a(MCAsmParser.cpp.o);llvm::MCAsmParser::parseEOL();Defined DefinedKind
lib/libLLVMMCParser.a(AsmParser.cpp.o);lib/libLLVMMCParser.a(MCAsmParser.cpp.o);llvm::MCAsmParser::parseIntToken(long&, llvm::Twine const&);Defined DefinedKind
lib/libLLVMMCParser.a(AsmParser.cpp.o);lib/libLLVMMCParser.a(MCAsmParser.cpp.o);llvm::MCAsmParser::getTok() const;Defined DefinedKind
lib/libLLVMMCParser.a(AsmParser.cpp.o);lib/libLLVMMCParser.a(MCAsmParser.cpp.o);llvm::MCAsmParser::Error(llvm::SMLoc, llvm::Twine const&, llvm::SMRange);Defined DefinedKind
lib/libLLVMMCParser.a(AsmParser.cpp.o);lib/libLLVMMCParser.a(MCAsmParser.cpp.o);llvm::MCAsmParser::parseMany(llvm::function_ref<bool ()>, bool);Defined DefinedKind
lib/libLLVMMCParser.a(AsmParser.cpp.o);lib/libLLVMMCParser.a(MCAsmParser.cpp.o);llvm::MCAsmParser::parseToken(llvm::AsmToken::TokenKind, llvm::Twine const&);Defined DefinedKind
lib/libLLVMMCParser.a(AsmParser.cpp.o);lib/libLLVMMCParser.a(MCAsmParser.cpp.o);llvm::MCAsmParser::parseTokenLoc(llvm::SMLoc&);Defined DefinedKind
lib/libLLVMMCParser.a(AsmParser.cpp.o);lib/libLLVMMCParser.a(MCAsmParser.cpp.o);llvm::MCAsmParser::check(bool, llvm::SMLoc, llvm::Twine const&);Defined DefinedKind
lib/libLLVMMCParser.a(AsmParser.cpp.o);lib/libLLVMMCParser.a(MCAsmParser.cpp.o);llvm::MCAsmParser::MCAsmParser();Defined DefinedKind
lib/libLLVMMCParser.a(AsmParser.cpp.o);lib/libLLVMMCParser.a(MCAsmParser.cpp.o);llvm::MCAsmParser::check(bool, llvm::Twine const&);Defined DefinedKind
lib/libLLVMMCParser.a(AsmParser.cpp.o);lib/libLLVMMCParser.a(MCAsmParser.cpp.o);llvm::MCAsmParser::parseExpression(llvm::MCExpr const*&);Defined DefinedKind
lib/libLLVMMCParser.a(AsmParser.cpp.o);lib/libLLVMMCParser.a(MCAsmParser.cpp.o);llvm::MCAsmParser::TokError(llvm::Twine const&, llvm::SMRange);Defined DefinedKind
lib/libLLVMMCParser.a(AsmParser.cpp.o);lib/libLLVMMCParser.a(MCTargetAsmParser.cpp.o);llvm::MCTargetAsmParser::getSTI() const;Defined DefinedKind
lib/libLLVMMCParser.a(AsmParser.cpp.o);lib/libLLVMMCParser.a(WasmAsmParser.cpp.o);llvm::createWasmAsmParser();Defined DefinedKind
lib/libLLVMMCParser.a(AsmParser.cpp.o);lib/libLLVMMC.a(MCCodeView.cpp.o);llvm::CodeViewContext::addToStringTable(llvm::StringRef);Defined DefinedKind
lib/libLLVMMCParser.a(AsmParser.cpp.o);lib/libLLVMMC.a(MCCodeView.cpp.o);llvm::CodeViewContext::isValidFileNumber(unsigned int) const;Defined DefinedKind
lib/libLLVMMCParser.a(AsmParser.cpp.o);lib/libLLVMMC.a(MCContext.cpp.o);llvm::MCContext::createDirectionalLocalSymbol(unsigned int);Defined DefinedKind
lib/libLLVMMCParser.a(AsmParser.cpp.o);lib/libLLVMMC.a(MCContext.cpp.o);llvm::MCContext::getOrCreateSymbol(llvm::Twine const&);Defined DefinedKind
lib/libLLVMMCParser.a(AsmParser.cpp.o);lib/libLLVMMC.a(MCContext.cpp.o);llvm::MCContext::lookupSymbol(llvm::Twine const&) const;Defined DefinedKind
lib/libLLVMMCParser.a(AsmParser.cpp.o);lib/libLLVMMC.a(MCContext.cpp.o);llvm::MCContext::isValidDwarfFileNumber(unsigned int, unsigned int);Defined DefinedKind
lib/libLLVMMCParser.a(AsmParser.cpp.o);lib/libLLVMMC.a(MCContext.cpp.o);llvm::MCContext::diagnose(llvm::SMDiagnostic const&);Defined DefinedKind
lib/libLLVMMCParser.a(AsmParser.cpp.o);lib/libLLVMMC.a(MCContext.cpp.o);llvm::MCContext::getDirectionalLocalSymbol(unsigned int, bool);Defined DefinedKind
lib/libLLVMMCParser.a(AsmParser.cpp.o);lib/libLLVMMC.a(MCContext.cpp.o);llvm::MCContext::getCVContext();Defined DefinedKind
lib/libLLVMMCParser.a(AsmParser.cpp.o);lib/libLLVMMC.a(MCContext.cpp.o);llvm::MCContext::createTempSymbol();Defined DefinedKind
lib/libLLVMMCParser.a(AsmParser.cpp.o);lib/libLLVMMC.a(MCDwarf.cpp.o);llvm::MCGenDwarfLabelEntry::Make(llvm::MCSymbol*, llvm::MCStreamer*, llvm::SourceMgr&, llvm::SMLoc&);Defined DefinedKind
lib/libLLVMMCParser.a(AsmParser.cpp.o);lib/libLLVMMC.a(MCExpr.cpp.o);llvm::MCBinaryExpr::create(llvm::MCBinaryExpr::Opcode, llvm::MCExpr const*, llvm::MCExpr const*, llvm::MCContext&, llvm::SMLoc);Defined DefinedKind
lib/libLLVMMCParser.a(AsmParser.cpp.o);lib/libLLVMMC.a(MCExpr.cpp.o);llvm::MCSymbolRefExpr::create(llvm::MCSymbol const*, llvm::MCSymbolRefExpr::VariantKind, llvm::MCContext&, llvm::SMLoc);Defined DefinedKind
lib/libLLVMMCParser.a(AsmParser.cpp.o);lib/libLLVMMC.a(MCExpr.cpp.o);llvm::MCExpr::findAssociatedFragment() const;Defined DefinedKind
lib/libLLVMMCParser.a(AsmParser.cpp.o);lib/libLLVMMC.a(MCExpr.cpp.o);llvm::MCExpr::evaluateAsRelocatable(llvm::MCValue&, llvm::MCAsmLayout const*, llvm::MCFixup const*) const;Defined DefinedKind
lib/libLLVMMCParser.a(AsmParser.cpp.o);lib/libLLVMMC.a(MCExpr.cpp.o);llvm::MCUnaryExpr::create(llvm::MCUnaryExpr::Opcode, llvm::MCExpr const*, llvm::MCContext&, llvm::SMLoc);Defined DefinedKind
lib/libLLVMMCParser.a(AsmParser.cpp.o);lib/libLLVMMC.a(MCExpr.cpp.o);llvm::MCExpr::evaluateAsAbsolute(long&, llvm::MCAssembler const*) const;Defined DefinedKind
lib/libLLVMMCParser.a(AsmParser.cpp.o);lib/libLLVMMC.a(MCExpr.cpp.o);llvm::MCSymbolRefExpr::getVariantKindForName(llvm::StringRef);Defined DefinedKind
lib/libLLVMMCParser.a(AsmParser.cpp.o);lib/libLLVMMC.a(MCExpr.cpp.o);llvm::MCConstantExpr::create(long, llvm::MCContext&, bool, unsigned int);Defined DefinedKind
lib/libLLVMMCParser.a(AsmParser.cpp.o);lib/libLLVMMC.a(MCExpr.cpp.o);llvm::MCExpr::evaluateAsAbsolute(long&) const;Defined DefinedKind
lib/libLLVMMCParser.a(AsmParser.cpp.o);lib/libLLVMMC.a(MCRegisterInfo.cpp.o);llvm::MCRegisterInfo::getDwarfRegNum(llvm::MCRegister, bool) const;Defined DefinedKind
lib/libLLVMMCParser.a(AsmParser.cpp.o);lib/libLLVMMC.a(MCStreamer.cpp.o);llvm::MCStreamer::Finish(llvm::SMLoc);Defined DefinedKind
lib/libLLVMMCParser.a(AsmParser.cpp.o);lib/libLLVMMC.a(MCStreamer.cpp.o);llvm::MCStreamer::emitValue(llvm::MCExpr const*, unsigned int, llvm::SMLoc);Defined DefinedKind
lib/libLLVMMCParser.a(AsmParser.cpp.o);lib/libLLVMMC.a(MCStreamer.cpp.o);llvm::MCStreamer::emitFill(unsigned long, unsigned char);Defined DefinedKind
lib/libLLVMMCParser.a(AsmParser.cpp.o);lib/libLLVMMC.a(MCStreamer.cpp.o);llvm::MCStreamer::emitCFIEndProc();Defined DefinedKind
lib/libLLVMMCParser.a(AsmParser.cpp.o);lib/libLLVMMC.a(MCStreamer.cpp.o);llvm::MCStreamer::emitCFIStartProc(bool, llvm::SMLoc);Defined DefinedKind
lib/libLLVMMCParser.a(AsmLexer.cpp.o);lib/libLLVMSupport.a(StringRef.cpp.o);llvm::StringRef::getAsInteger(unsigned int, llvm::APInt&) const;Defined DefinedKind
lib/libLLVMMCParser.a(AsmLexer.cpp.o);lib/libLLVMSupport.a(APInt.cpp.o);llvm::APInt::countLeadingZerosSlowCase() const;Defined DefinedKind
lib/libLLVMMCParser.a(AsmLexer.cpp.o);lib/libLLVMSupport.a(APInt.cpp.o);llvm::APInt::initSlowCase(llvm::APInt const&);Defined DefinedKind
lib/libLLVMMCParser.a(AsmLexer.cpp.o);lib/libLLVMSupport.a(APInt.cpp.o);llvm::APInt::AssignSlowCase(llvm::APInt const&);Defined DefinedKind
lib/libLLVMMCParser.a(AsmLexer.cpp.o);lib/libLLVMSupport.a(APInt.cpp.o);llvm::APInt::initSlowCase(unsigned long, bool);Defined DefinedKind
lib/libLLVMMCParser.a(AsmLexer.cpp.o);lib/libLLVMMCParser.a(MCAsmLexer.cpp.o);llvm::MCAsmLexer::~MCAsmLexer();Defined DefinedKind
lib/libLLVMMCParser.a(AsmLexer.cpp.o);lib/libLLVMMCParser.a(MCAsmLexer.cpp.o);llvm::MCAsmLexer::MCAsmLexer();Defined DefinedKind
lib/libLLVMMCParser.a(COFFAsmParser.cpp.o);lib/libLLVMMCParser.a(MCAsmLexer.cpp.o);llvm::MCAsmLexer::getLoc() const;Defined DefinedKind
lib/libLLVMMCParser.a(COFFAsmParser.cpp.o);lib/libLLVMMCParser.a(MCAsmParser.cpp.o);llvm::MCAsmParser::Error(llvm::SMLoc, llvm::Twine const&, llvm::SMRange);Defined DefinedKind
lib/libLLVMMCParser.a(COFFAsmParser.cpp.o);lib/libLLVMMCParser.a(MCAsmParser.cpp.o);llvm::MCAsmParser::TokError(llvm::Twine const&, llvm::SMRange);Defined DefinedKind
lib/libLLVMMCParser.a(COFFAsmParser.cpp.o);lib/libLLVMMCParser.a(MCAsmParser.cpp.o);llvm::MCAsmParser::parseMany(llvm::function_ref<bool ()>, bool);Defined DefinedKind
lib/libLLVMMCParser.a(COFFAsmParser.cpp.o);lib/libLLVMMCParser.a(MCAsmParser.cpp.o);llvm::MCAsmParser::addErrorSuffix(llvm::Twine const&);Defined DefinedKind
lib/libLLVMMCParser.a(COFFAsmParser.cpp.o);lib/libLLVMMCParser.a(MCAsmParser.cpp.o);llvm::MCAsmParser::getTok() const;Defined DefinedKind
lib/libLLVMMCParser.a(COFFAsmParser.cpp.o);lib/libLLVMMCParser.a(MCAsmParserExtension.cpp.o);llvm::MCAsmParserExtension::ParseDirectiveCGProfile(llvm::StringRef, llvm::SMLoc);Defined DefinedKind
lib/libLLVMMCParser.a(COFFAsmParser.cpp.o);lib/libLLVMMCParser.a(MCAsmParserExtension.cpp.o);llvm::MCAsmParserExtension::~MCAsmParserExtension();Defined DefinedKind
lib/libLLVMMCParser.a(COFFAsmParser.cpp.o);lib/libLLVMMCParser.a(MCAsmParserExtension.cpp.o);llvm::MCAsmParserExtension::MCAsmParserExtension();Defined DefinedKind
lib/libLLVMMCParser.a(COFFAsmParser.cpp.o);lib/libLLVMMCParser.a(MCAsmParserExtension.cpp.o);llvm::MCAsmParserExtension::Initialize(llvm::MCAsmParser&);Defined DefinedKind
lib/libLLVMMCParser.a(COFFAsmParser.cpp.o);lib/libLLVMMC.a(MCContext.cpp.o);llvm::MCContext::getOrCreateSymbol(llvm::Twine const&);Defined DefinedKind
lib/libLLVMMCParser.a(COFFAsmParser.cpp.o);lib/libLLVMMC.a(MCContext.cpp.o);llvm::MCContext::getCOFFSection(llvm::StringRef, unsigned int, llvm::SectionKind, llvm::StringRef, int, unsigned int, char const*);Defined DefinedKind
lib/libLLVMMCParser.a(COFFAsmParser.cpp.o);lib/libLLVMMC.a(MCSectionCOFF.cpp.o);llvm::MCSectionCOFF::setSelection(int) const;Defined DefinedKind
lib/libLLVMMCParser.a(DarwinAsmParser.cpp.o);lib/libLLVMSupport.a(Error.cpp.o);llvm::ErrorList::ID;Defined DefinedKind
lib/libLLVMMCParser.a(DarwinAsmParser.cpp.o);lib/libLLVMSupport.a(Error.cpp.o);llvm::ErrorInfoBase::ID;Defined DefinedKind
lib/libLLVMMCParser.a(DarwinAsmParser.cpp.o);lib/libLLVMSupport.a(SourceMgr.cpp.o);llvm::SourceMgr::getLineAndColumn(llvm::SMLoc, unsigned int) const;Defined DefinedKind
lib/libLLVMMCParser.a(DarwinAsmParser.cpp.o);lib/libLLVMSupport.a(SourceMgr.cpp.o);llvm::SourceMgr::FindBufferContainingLoc(llvm::SMLoc) const;Defined DefinedKind
lib/libLLVMMCParser.a(DarwinAsmParser.cpp.o);lib/libLLVMSupport.a(Triple.cpp.o);llvm::Triple::getOSName() const;Defined DefinedKind
lib/libLLVMMCParser.a(DarwinAsmParser.cpp.o);lib/libLLVMSupport.a(Twine.cpp.o);llvm::Twine::print(llvm::raw_ostream&) const;Defined DefinedKind
lib/libLLVMMCParser.a(DarwinAsmParser.cpp.o);lib/libLLVMSupport.a(raw_ostream.cpp.o);llvm::raw_fd_ostream::raw_fd_ostream(llvm::StringRef, std::error_code&, llvm::sys::fs::OpenFlags);Defined DefinedKind
lib/libLLVMMCParser.a(DarwinAsmParser.cpp.o);lib/libLLVMSupport.a(raw_ostream.cpp.o);llvm::raw_ostream::operator<<(unsigned long);Defined DefinedKind
lib/libLLVMMCParser.a(DarwinAsmParser.cpp.o);lib/libLLVMSupport.a(raw_ostream.cpp.o);llvm::raw_ostream::SetBufferAndMode(char*, unsigned long, llvm::raw_ostream::BufferKind);Defined DefinedKind
lib/libLLVMMCParser.a(DarwinAsmParser.cpp.o);lib/libLLVMSupport.a(raw_ostream.cpp.o);llvm::raw_ostream::flush_nonempty();Defined DefinedKind
lib/libLLVMMCParser.a(DarwinAsmParser.cpp.o);lib/libLLVMSupport.a(raw_ostream.cpp.o);llvm::raw_string_ostream::~raw_string_ostream();Defined DefinedKind
lib/libLLVMMCParser.a(DarwinAsmParser.cpp.o);lib/libLLVMSupport.a(raw_ostream.cpp.o);llvm::raw_ostream::write(char const*, unsigned long);Defined DefinedKind
lib/libLLVMMCParser.a(DarwinAsmParser.cpp.o);lib/libLLVMMCParser.a(MCAsmLexer.cpp.o);llvm::MCAsmLexer::getLoc() const;Defined DefinedKind
lib/libLLVMMCParser.a(DarwinAsmParser.cpp.o);lib/libLLVMMCParser.a(MCAsmLexer.cpp.o);llvm::AsmToken::getLoc() const;Defined DefinedKind
lib/libLLVMMCParser.a(DarwinAsmParser.cpp.o);lib/libLLVMMCParser.a(MCAsmParser.cpp.o);llvm::MCAsmParser::addErrorSuffix(llvm::Twine const&);Defined DefinedKind
lib/libLLVMMCParser.a(DarwinAsmParser.cpp.o);lib/libLLVMMCParser.a(MCAsmParser.cpp.o);llvm::MCAsmParser::parseToken(llvm::AsmToken::TokenKind, llvm::Twine const&);Defined DefinedKind
lib/libLLVMMCParser.a(DarwinAsmParser.cpp.o);lib/libLLVMMCParser.a(MCAsmParser.cpp.o);llvm::MCAsmParser::getTok() const;Defined DefinedKind
lib/libLLVMMCParser.a(DarwinAsmParser.cpp.o);lib/libLLVMMCParser.a(MCAsmParser.cpp.o);llvm::MCAsmParser::Error(llvm::SMLoc, llvm::Twine const&, llvm::SMRange);Defined DefinedKind
lib/libLLVMMCParser.a(DarwinAsmParser.cpp.o);lib/libLLVMMCParser.a(MCAsmParser.cpp.o);llvm::MCAsmParser::parseExpression(llvm::MCExpr const*&);Defined DefinedKind
lib/libLLVMMCParser.a(DarwinAsmParser.cpp.o);lib/libLLVMMCParser.a(MCAsmParser.cpp.o);llvm::MCAsmParser::TokError(llvm::Twine const&, llvm::SMRange);Defined DefinedKind
lib/libLLVMMCParser.a(DarwinAsmParser.cpp.o);lib/libLLVMMCParser.a(MCAsmParserExtension.cpp.o);llvm::MCAsmParserExtension::MCAsmParserExtension();Defined DefinedKind
lib/libLLVMMCParser.a(DarwinAsmParser.cpp.o);lib/libLLVMMCParser.a(MCAsmParserExtension.cpp.o);llvm::MCAsmParserExtension::Initialize(llvm::MCAsmParser&);Defined DefinedKind
lib/libLLVMMCParser.a(DarwinAsmParser.cpp.o);lib/libLLVMMCParser.a(MCAsmParserExtension.cpp.o);llvm::MCAsmParserExtension::~MCAsmParserExtension();Defined DefinedKind
lib/libLLVMMCParser.a(DarwinAsmParser.cpp.o);lib/libLLVMMC.a(MCContext.cpp.o);llvm::MCContext::getMachOSection(llvm::StringRef, llvm::StringRef, unsigned int, unsigned int, llvm::SectionKind, char const*);Defined DefinedKind
lib/libLLVMMCParser.a(DarwinAsmParser.cpp.o);lib/libLLVMMC.a(MCContext.cpp.o);llvm::MCContext::getOrCreateSymbol(llvm::Twine const&);Defined DefinedKind
lib/libLLVMMCParser.a(DarwinAsmParser.cpp.o);lib/libLLVMMC.a(MCExpr.cpp.o);llvm::MCExpr::findAssociatedFragment() const;Defined DefinedKind
lib/libLLVMMCParser.a(DarwinAsmParser.cpp.o);lib/libLLVMMC.a(MCSectionMachO.cpp.o);llvm::MCSectionMachO::ParseSectionSpecifier(llvm::StringRef, llvm::StringRef&, llvm::StringRef&, unsigned int&, bool&, unsigned int&);Defined DefinedKind
lib/libLLVMMCParser.a(ELFAsmParser.cpp.o);lib/libLLVMSupport.a(MemAlloc.cpp.o);llvm::deallocate_buffer(void*, unsigned long, unsigned long);Defined DefinedKind
lib/libLLVMMCParser.a(ELFAsmParser.cpp.o);lib/libLLVMSupport.a(MemAlloc.cpp.o);llvm::allocate_buffer(unsigned long, unsigned long);Defined DefinedKind
lib/libLLVMMCParser.a(ELFAsmParser.cpp.o);lib/libLLVMSupport.a(StringRef.cpp.o);llvm::StringRef::find(llvm::StringRef, unsigned long) const;Defined DefinedKind
lib/libLLVMMCParser.a(ELFAsmParser.cpp.o);lib/libLLVMSupport.a(StringRef.cpp.o);llvm::getAsUnsignedInteger(llvm::StringRef, unsigned int, unsigned long long&);Defined DefinedKind
lib/libLLVMMCParser.a(ELFAsmParser.cpp.o);lib/libLLVMMCParser.a(MCAsmLexer.cpp.o);llvm::MCAsmLexer::getLoc() const;Defined DefinedKind
lib/libLLVMMCParser.a(ELFAsmParser.cpp.o);lib/libLLVMMCParser.a(MCAsmLexer.cpp.o);llvm::AsmToken::getLoc() const;Defined DefinedKind
lib/libLLVMMCParser.a(ELFAsmParser.cpp.o);lib/libLLVMMCParser.a(MCAsmParser.cpp.o);llvm::MCAsmParser::parseExpression(llvm::MCExpr const*&);Defined DefinedKind
lib/libLLVMMCParser.a(ELFAsmParser.cpp.o);lib/libLLVMMCParser.a(MCAsmParser.cpp.o);llvm::MCAsmParser::parseOptionalToken(llvm::AsmToken::TokenKind);Defined DefinedKind
lib/libLLVMMCParser.a(ELFAsmParser.cpp.o);lib/libLLVMMCParser.a(MCAsmParser.cpp.o);llvm::MCAsmParser::TokError(llvm::Twine const&, llvm::SMRange);Defined DefinedKind
lib/libLLVMMCParser.a(ELFAsmParser.cpp.o);lib/libLLVMMCParser.a(MCAsmParser.cpp.o);llvm::MCAsmParser::getTok() const;Defined DefinedKind
lib/libLLVMMCParser.a(ELFAsmParser.cpp.o);lib/libLLVMMCParser.a(MCAsmParser.cpp.o);llvm::MCAsmParser::Error(llvm::SMLoc, llvm::Twine const&, llvm::SMRange);Defined DefinedKind
lib/libLLVMMCParser.a(ELFAsmParser.cpp.o);lib/libLLVMMCParser.a(MCAsmParserExtension.cpp.o);llvm::MCAsmParserExtension::Initialize(llvm::MCAsmParser&);Defined DefinedKind
lib/libLLVMMCParser.a(ELFAsmParser.cpp.o);lib/libLLVMMCParser.a(MCAsmParserExtension.cpp.o);llvm::MCAsmParserExtension::ParseDirectiveCGProfile(llvm::StringRef, llvm::SMLoc);Defined DefinedKind
lib/libLLVMMCParser.a(ELFAsmParser.cpp.o);lib/libLLVMMCParser.a(MCAsmParserExtension.cpp.o);llvm::MCAsmParserExtension::MCAsmParserExtension();Defined DefinedKind
lib/libLLVMMCParser.a(ELFAsmParser.cpp.o);lib/libLLVMMCParser.a(MCAsmParserExtension.cpp.o);llvm::MCAsmParserExtension::~MCAsmParserExtension();Defined DefinedKind
lib/libLLVMMCParser.a(ELFAsmParser.cpp.o);lib/libLLVMMC.a(MCContext.cpp.o);llvm::MCContext::lookupSymbol(llvm::Twine const&) const;Defined DefinedKind
lib/libLLVMMCParser.a(ELFAsmParser.cpp.o);lib/libLLVMMC.a(MCContext.cpp.o);llvm::MCContext::createTempSymbol();Defined DefinedKind
lib/libLLVMMCParser.a(ELFAsmParser.cpp.o);lib/libLLVMMC.a(MCContext.cpp.o);llvm::MCContext::getOrCreateSymbol(llvm::Twine const&);Defined DefinedKind
lib/libLLVMMCParser.a(ELFAsmParser.cpp.o);lib/libLLVMMC.a(MCContext.cpp.o);llvm::MCContext::getELFSection(llvm::Twine const&, unsigned int, unsigned int, unsigned int, llvm::Twine const&, bool, unsigned int, llvm::MCSymbolELF const*);Defined DefinedKind
lib/libLLVMMCParser.a(ELFAsmParser.cpp.o);lib/libLLVMMC.a(MCExpr.cpp.o);llvm::MCExpr::findAssociatedFragment() const;Defined DefinedKind
lib/libLLVMMCParser.a(ELFAsmParser.cpp.o);lib/libLLVMMC.a(MCSymbol.cpp.o);llvm::MCSymbol::AbsolutePseudoFragment;Defined DefinedKind
lib/libLLVMMCParser.a(MCAsmLexer.cpp.o);lib/libLLVMSupport.a(raw_ostream.cpp.o);llvm::raw_ostream::write_escaped(llvm::StringRef, bool);Defined DefinedKind
lib/libLLVMMCParser.a(MCAsmLexer.cpp.o);lib/libLLVMSupport.a(raw_ostream.cpp.o);llvm::raw_ostream::write(char const*, unsigned long);Defined DefinedKind
lib/libLLVMMCParser.a(MCAsmParser.cpp.o);lib/libLLVMSupport.a(CommandLine.cpp.o);llvm::cl::GeneralCategory;Defined DefinedKind
lib/libLLVMMCParser.a(MCAsmParser.cpp.o);lib/libLLVMSupport.a(CommandLine.cpp.o);llvm::cl::Option::setArgStr(llvm::StringRef);Defined DefinedKind
lib/libLLVMMCParser.a(MCAsmParser.cpp.o);lib/libLLVMSupport.a(CommandLine.cpp.o);llvm::cl::Option::addArgument();Defined DefinedKind
lib/libLLVMMCParser.a(MCAsmParser.cpp.o);lib/libLLVMSupport.a(CommandLine.cpp.o);llvm::cl::GenericOptionValue::anchor();Defined DefinedKind
lib/libLLVMMCParser.a(MCAsmParser.cpp.o);lib/libLLVMSupport.a(APInt.cpp.o);llvm::APInt::AssignSlowCase(llvm::APInt const&);Defined DefinedKind
lib/libLLVMMCParser.a(MCAsmParser.cpp.o);lib/libLLVMSupport.a(APInt.cpp.o);llvm::APInt::initSlowCase(llvm::APInt const&);Defined DefinedKind
lib/libLLVMMCParser.a(MCAsmParser.cpp.o);lib/libLLVMSupport.a(Twine.cpp.o);llvm::Twine::toVector(llvm::SmallVectorImpl<char>&) const;Defined DefinedKind
lib/libLLVMMCParser.a(MCAsmParser.cpp.o);lib/libLLVMMCParser.a(MCAsmLexer.cpp.o);llvm::AsmToken::getLoc() const;Defined DefinedKind
lib/libLLVMMCParser.a(MCAsmParser.cpp.o);lib/libLLVMMCParser.a(MCAsmLexer.cpp.o);llvm::MCAsmLexer::getLoc() const;Defined DefinedKind
lib/libLLVMMCParser.a(MCAsmParserExtension.cpp.o);lib/libLLVMMCParser.a(MCAsmLexer.cpp.o);llvm::MCAsmLexer::getLoc() const;Defined DefinedKind
lib/libLLVMMCParser.a(MCAsmParserExtension.cpp.o);lib/libLLVMMCParser.a(MCAsmParser.cpp.o);llvm::MCAsmParser::parseIntToken(long&, llvm::Twine const&);Defined DefinedKind
lib/libLLVMMCParser.a(MCAsmParserExtension.cpp.o);lib/libLLVMMCParser.a(MCAsmParser.cpp.o);llvm::MCAsmParser::TokError(llvm::Twine const&, llvm::SMRange);Defined DefinedKind
lib/libLLVMMCParser.a(MCAsmParserExtension.cpp.o);lib/libLLVMMC.a(MCContext.cpp.o);llvm::MCContext::getOrCreateSymbol(llvm::Twine const&);Defined DefinedKind
lib/libLLVMMCParser.a(MCAsmParserExtension.cpp.o);lib/libLLVMMC.a(MCExpr.cpp.o);llvm::MCSymbolRefExpr::create(llvm::MCSymbol const*, llvm::MCSymbolRefExpr::VariantKind, llvm::MCContext&, llvm::SMLoc);Defined DefinedKind
lib/libLLVMMCParser.a(MCTargetAsmParser.cpp.o);lib/libLLVMMCParser.a(MCAsmLexer.cpp.o);llvm::AsmToken::getLoc() const;Defined DefinedKind
lib/libLLVMMCParser.a(MCTargetAsmParser.cpp.o);lib/libLLVMMCParser.a(MCAsmParserExtension.cpp.o);llvm::MCAsmParserExtension::MCAsmParserExtension();Defined DefinedKind
lib/libLLVMMCParser.a(MCTargetAsmParser.cpp.o);lib/libLLVMMCParser.a(MCAsmParserExtension.cpp.o);llvm::MCAsmParserExtension::~MCAsmParserExtension();Defined DefinedKind
lib/libLLVMMCParser.a(MCTargetAsmParser.cpp.o);lib/libLLVMMCParser.a(MCAsmParserExtension.cpp.o);llvm::MCAsmParserExtension::Initialize(llvm::MCAsmParser&);Defined DefinedKind
lib/libLLVMMCParser.a(WasmAsmParser.cpp.o);lib/libLLVMMCParser.a(MCAsmLexer.cpp.o);llvm::AsmToken::getLoc() const;Defined DefinedKind
lib/libLLVMMCParser.a(WasmAsmParser.cpp.o);lib/libLLVMMCParser.a(MCAsmParser.cpp.o);llvm::MCAsmParser::TokError(llvm::Twine const&, llvm::SMRange);Defined DefinedKind
lib/libLLVMMCParser.a(WasmAsmParser.cpp.o);lib/libLLVMMCParser.a(MCAsmParser.cpp.o);llvm::MCAsmParser::getTok() const;Defined DefinedKind
lib/libLLVMMCParser.a(WasmAsmParser.cpp.o);lib/libLLVMMCParser.a(MCAsmParser.cpp.o);llvm::MCAsmParser::Error(llvm::SMLoc, llvm::Twine const&, llvm::SMRange);Defined DefinedKind
lib/libLLVMMCParser.a(WasmAsmParser.cpp.o);lib/libLLVMMCParser.a(MCAsmParser.cpp.o);llvm::MCAsmParser::parseExpression(llvm::MCExpr const*&);Defined DefinedKind
lib/libLLVMMCParser.a(WasmAsmParser.cpp.o);lib/libLLVMMCParser.a(MCAsmParserExtension.cpp.o);llvm::MCAsmParserExtension::~MCAsmParserExtension();Defined DefinedKind
lib/libLLVMMCParser.a(WasmAsmParser.cpp.o);lib/libLLVMMCParser.a(MCAsmParserExtension.cpp.o);llvm::MCAsmParserExtension::MCAsmParserExtension();Defined DefinedKind
lib/libLLVMMCParser.a(WasmAsmParser.cpp.o);lib/libLLVMMCParser.a(MCAsmParserExtension.cpp.o);llvm::MCAsmParserExtension::Initialize(llvm::MCAsmParser&);Defined DefinedKind
lib/libLLVMMCParser.a(WasmAsmParser.cpp.o);lib/libLLVMMC.a(MCContext.cpp.o);llvm::MCContext::getOrCreateSymbol(llvm::Twine const&);Defined DefinedKind
lib/libLLVMMCParser.a(WasmAsmParser.cpp.o);lib/libLLVMMC.a(MCContext.cpp.o);llvm::MCContext::getWasmSection(llvm::Twine const&, llvm::SectionKind, unsigned int, llvm::Twine const&, unsigned int, char const*);Defined DefinedKind
lib/libLLVMMC.a(MCCodeView.cpp.o);lib/libLLVMSupport.a(MemAlloc.cpp.o);llvm::deallocate_buffer(void*, unsigned long, unsigned long);Defined DefinedKind
lib/libLLVMMC.a(MCCodeView.cpp.o);lib/libLLVMSupport.a(MemAlloc.cpp.o);llvm::allocate_buffer(unsigned long, unsigned long);Defined DefinedKind
lib/libLLVMMC.a(MCCodeView.cpp.o);lib/libLLVMSupport.a(StringMap.cpp.o);llvm::StringMapImpl::LookupBucketFor(llvm::StringRef);Defined DefinedKind
lib/libLLVMMC.a(MCCodeView.cpp.o);lib/libLLVMSupport.a(StringMap.cpp.o);llvm::StringMapImpl::RehashTable(unsigned int);Defined DefinedKind
lib/libLLVMMC.a(MCCodeView.cpp.o);lib/libLLVMSupport.a(StringMap.cpp.o);llvm::StringMapImpl::FindKey(llvm::StringRef) const;Defined DefinedKind
lib/libLLVMMC.a(MCCodeView.cpp.o);lib/libLLVMSupport.a(raw_ostream.cpp.o);llvm::raw_ostream::SetBufferAndMode(char*, unsigned long, llvm::raw_ostream::BufferKind);Defined DefinedKind
lib/libLLVMMC.a(MCCodeView.cpp.o);lib/libLLVMSupport.a(raw_ostream.cpp.o);llvm::raw_ostream::write(char const*, unsigned long);Defined DefinedKind
lib/libLLVMMC.a(MCCodeView.cpp.o);lib/libLLVMSupport.a(raw_ostream.cpp.o);llvm::raw_ostream::~raw_ostream();Defined DefinedKind
lib/libLLVMMC.a(MCCodeView.cpp.o);lib/libLLVMMC.a(MCContext.cpp.o);llvm::MCContext::createTempSymbol(llvm::Twine const&, bool);Defined DefinedKind
lib/libLLVMMC.a(MCCodeView.cpp.o);lib/libLLVMMC.a(MCExpr.cpp.o);llvm::MCConstantExpr::create(long, llvm::MCContext&, bool, unsigned int);Defined DefinedKind
lib/libLLVMMC.a(MCCodeView.cpp.o);lib/libLLVMMC.a(MCExpr.cpp.o);llvm::MCSymbolRefExpr::create(llvm::MCSymbol const*, llvm::MCSymbolRefExpr::VariantKind, llvm::MCContext&, llvm::SMLoc);Defined DefinedKind
lib/libLLVMMC.a(MCCodeView.cpp.o);lib/libLLVMMC.a(MCExpr.cpp.o);llvm::MCBinaryExpr::create(llvm::MCBinaryExpr::Opcode, llvm::MCExpr const*, llvm::MCExpr const*, llvm::MCContext&, llvm::SMLoc);Defined DefinedKind
lib/libLLVMMC.a(MCCodeView.cpp.o);lib/libLLVMMC.a(MCExpr.cpp.o);llvm::MCExpr::evaluateAsRelocatable(llvm::MCValue&, llvm::MCAsmLayout const*, llvm::MCFixup const*) const;Defined DefinedKind
lib/libLLVMMC.a(MCCodeView.cpp.o);lib/libLLVMMC.a(MCExpr.cpp.o);llvm::MCExpr::findAssociatedFragment() const;Defined DefinedKind
lib/libLLVMMC.a(MCCodeView.cpp.o);lib/libLLVMMC.a(MCFragment.cpp.o);llvm::MCFragment::MCFragment(llvm::MCFragment::FragmentType, bool, llvm::MCSection*);Defined DefinedKind
lib/libLLVMMC.a(MCContext.cpp.o);lib/libLLVMSupport.a(CommandLine.cpp.o);llvm::cl::Option::addOccurrence(unsigned int, llvm::StringRef, llvm::StringRef, bool);Defined DefinedKind
lib/libLLVMMC.a(MCContext.cpp.o);lib/libLLVMSupport.a(CommandLine.cpp.o);llvm::cl::generic_parser_base::printOptionInfo(llvm::cl::Option const&, unsigned long) const;Defined DefinedKind
lib/libLLVMMC.a(MCContext.cpp.o);lib/libLLVMSupport.a(CommandLine.cpp.o);llvm::cl::generic_parser_base::getOptionWidth(llvm::cl::Option const&) const;Defined DefinedKind
lib/libLLVMMC.a(MCContext.cpp.o);lib/libLLVMSupport.a(CommandLine.cpp.o);llvm::cl::generic_parser_base::printGenericOptionDiff(llvm::cl::Option const&, llvm::cl::GenericOptionValue const&, llvm::cl::GenericOptionValue const&, unsigned long) const;Defined DefinedKind
lib/libLLVMMC.a(MCContext.cpp.o);lib/libLLVMSupport.a(CommandLine.cpp.o);llvm::cl::Option::error(llvm::Twine const&, llvm::StringRef, llvm::raw_ostream&);Defined DefinedKind
lib/libLLVMMC.a(MCContext.cpp.o);lib/libLLVMSupport.a(CommandLine.cpp.o);llvm::cl::Option::anchor();Defined DefinedKind
lib/libLLVMMC.a(MCContext.cpp.o);lib/libLLVMSupport.a(CommandLine.cpp.o);llvm::cl::GenericOptionValue::anchor();Defined DefinedKind
lib/libLLVMMC.a(MCContext.cpp.o);lib/libLLVMSupport.a(CommandLine.cpp.o);llvm::cl::Option::addArgument();Defined DefinedKind
lib/libLLVMMC.a(MCContext.cpp.o);lib/libLLVMSupport.a(CommandLine.cpp.o);llvm::cl::Option::setArgStr(llvm::StringRef);Defined DefinedKind
lib/libLLVMMC.a(MCContext.cpp.o);lib/libLLVMSupport.a(CommandLine.cpp.o);llvm::cl::GeneralCategory;Defined DefinedKind
lib/libLLVMMC.a(MCContext.cpp.o);lib/libLLVMSupport.a(ErrorHandling.cpp.o);llvm::report_fatal_error(char const*, bool);Defined DefinedKind
lib/libLLVMMC.a(MCContext.cpp.o);lib/libLLVMSupport.a(MemAlloc.cpp.o);llvm::deallocate_buffer(void*, unsigned long, unsigned long);Defined DefinedKind
lib/libLLVMMC.a(MCContext.cpp.o);lib/libLLVMSupport.a(MemAlloc.cpp.o);llvm::allocate_buffer(unsigned long, unsigned long);Defined DefinedKind
lib/libLLVMMC.a(MCContext.cpp.o);lib/libLLVMSupport.a(SourceMgr.cpp.o);llvm::SMDiagnostic::print(char const*, llvm::raw_ostream&, bool, bool) const;Defined DefinedKind
lib/libLLVMMC.a(MCContext.cpp.o);lib/libLLVMSupport.a(SourceMgr.cpp.o);llvm::SourceMgr::GetMessage(llvm::SMLoc, llvm::SourceMgr::DiagKind, llvm::Twine const&, llvm::ArrayRef<llvm::SMRange>, llvm::ArrayRef<llvm::SMFixIt>) const;Defined DefinedKind
lib/libLLVMMC.a(MCContext.cpp.o);lib/libLLVMSupport.a(SourceMgr.cpp.o);llvm::SourceMgr::SrcBuffer::~SrcBuffer();Defined DefinedKind
lib/libLLVMMC.a(MCContext.cpp.o);lib/libLLVMSupport.a(StringMap.cpp.o);llvm::StringMapImpl::FindKey(llvm::StringRef) const;Defined DefinedKind
lib/libLLVMMC.a(MCContext.cpp.o);lib/libLLVMSupport.a(StringMap.cpp.o);llvm::StringMapImpl::LookupBucketFor(llvm::StringRef);Defined DefinedKind
lib/libLLVMMC.a(MCContext.cpp.o);lib/libLLVMSupport.a(StringMap.cpp.o);llvm::StringMapImpl::RehashTable(unsigned int);Defined DefinedKind
lib/libLLVMMC.a(MCContext.cpp.o);lib/libLLVMSupport.a(StringRef.cpp.o);llvm::hash_value(llvm::StringRef);Defined DefinedKind
lib/libLLVMMC.a(MCContext.cpp.o);lib/libLLVMSupport.a(StringRef.cpp.o);llvm::StringRef::rfind(llvm::StringRef) const;Defined DefinedKind
lib/libLLVMMC.a(MCContext.cpp.o);lib/libLLVMSupport.a(Twine.cpp.o);llvm::Twine::print(llvm::raw_ostream&) const;Defined DefinedKind
lib/libLLVMMC.a(MCContext.cpp.o);lib/libLLVMSupport.a(Twine.cpp.o);llvm::Twine::toVector(llvm::SmallVectorImpl<char>&) const;Defined DefinedKind
lib/libLLVMMC.a(MCContext.cpp.o);lib/libLLVMSupport.a(Twine.cpp.o);llvm::Twine::str[abi:cxx11]() const;Defined DefinedKind
lib/libLLVMMC.a(MCContext.cpp.o);lib/libLLVMSupport.a(raw_ostream.cpp.o);llvm::errs();Defined DefinedKind
lib/libLLVMMC.a(MCContext.cpp.o);lib/libLLVMSupport.a(raw_ostream.cpp.o);llvm::raw_ostream::write(char const*, unsigned long);Defined DefinedKind
lib/libLLVMMC.a(MCContext.cpp.o);lib/libLLVMSupport.a(raw_ostream.cpp.o);llvm::raw_ostream::operator<<(unsigned long);Defined DefinedKind
lib/libLLVMMC.a(MCContext.cpp.o);lib/libLLVMSupport.a(raw_ostream.cpp.o);llvm::raw_ostream::~raw_ostream();Defined DefinedKind
lib/libLLVMMC.a(MCContext.cpp.o);lib/libLLVMSupport.a(raw_ostream.cpp.o);llvm::raw_ostream::write_hex(unsigned long long);Defined DefinedKind
lib/libLLVMMC.a(MCContext.cpp.o);lib/libLLVMSupport.a(raw_ostream.cpp.o);llvm::raw_ostream::SetBufferAndMode(char*, unsigned long, llvm::raw_ostream::BufferKind);Defined DefinedKind
lib/libLLVMMC.a(MCContext.cpp.o);lib/libLLVMSupport.a(Path.cpp.o);llvm::sys::path::append(llvm::SmallVectorImpl<char>&, llvm::Twine const&, llvm::Twine const&, llvm::Twine const&, llvm::Twine const&);Defined DefinedKind
lib/libLLVMMC.a(MCContext.cpp.o);lib/libLLVMSupport.a(Signals.cpp.o);llvm::sys::RunInterruptHandlers();Defined DefinedKind
lib/libLLVMMC.a(MCContext.cpp.o);lib/libLLVMMC.a(MCCodeView.cpp.o);llvm::CodeViewContext::CodeViewContext();Defined DefinedKind
lib/libLLVMMC.a(MCContext.cpp.o);lib/libLLVMMC.a(MCCodeView.cpp.o);llvm::CodeViewContext::~CodeViewContext();Defined DefinedKind
lib/libLLVMMC.a(MCContext.cpp.o);lib/libLLVMMC.a(MCDwarf.cpp.o);llvm::MCDwarfLineTable::tryGetFile(llvm::StringRef&, llvm::StringRef&, llvm::Optional<llvm::MD5::MD5Result>, llvm::Optional<llvm::StringRef>, unsigned short, unsigned int);Defined DefinedKind
lib/libLLVMMC.a(MCContext.cpp.o);lib/libLLVMMC.a(MCExpr.cpp.o);llvm::MCExpr::findAssociatedFragment() const;Defined DefinedKind
lib/libLLVMMC.a(MCContext.cpp.o);lib/libLLVMMC.a(MCExpr.cpp.o);llvm::MCConstantExpr::create(long, llvm::MCContext&, bool, unsigned int);Defined DefinedKind
lib/libLLVMMC.a(MCContext.cpp.o);lib/libLLVMMC.a(MCFragment.cpp.o);llvm::MCFragment::MCFragment(llvm::MCFragment::FragmentType, bool, llvm::MCSection*);Defined DefinedKind
lib/libLLVMMC.a(MCContext.cpp.o);lib/libLLVMMC.a(MCPseudoProbe.cpp.o);llvm::MCPseudoProbeInlineTree::~MCPseudoProbeInlineTree();Defined DefinedKind
lib/libLLVMMC.a(MCContext.cpp.o);lib/libLLVMMC.a(MCSection.cpp.o);llvm::MCSection::MCSection(llvm::MCSection::SectionVariant, llvm::StringRef, llvm::SectionKind, llvm::MCSymbol*);Defined DefinedKind
lib/libLLVMMC.a(MCContext.cpp.o);lib/libLLVMMC.a(MCSection.cpp.o);llvm::MCSection::~MCSection();Defined DefinedKind
lib/libLLVMMC.a(MCContext.cpp.o);lib/libLLVMMC.a(MCSectionMachO.cpp.o);llvm::MCSectionMachO::MCSectionMachO(llvm::StringRef, llvm::StringRef, unsigned int, unsigned int, llvm::SectionKind, llvm::MCSymbol*);Defined DefinedKind
lib/libLLVMMC.a(MCContext.cpp.o);lib/libLLVMMC.a(MCSectionXCOFF.cpp.o);llvm::MCSectionXCOFF::~MCSectionXCOFF();Defined DefinedKind
lib/libLLVMMC.a(MCContext.cpp.o);lib/libLLVMMC.a(MCSymbol.cpp.o);llvm::MCSymbol::AbsolutePseudoFragment;Defined DefinedKind
lib/libLLVMMC.a(MCContext.cpp.o);lib/libLLVMMC.a(MCSymbol.cpp.o);llvm::MCSymbol::operator new(unsigned long, llvm::StringMapEntry<bool> const*, llvm::MCContext&);Defined DefinedKind
lib/libLLVMMC.a(MCContext.cpp.o);lib/libLLVMMC.a(MCSymbolELF.cpp.o);llvm::MCSymbolELF::setBinding(unsigned int) const;Defined DefinedKind
lib/libLLVMMC.a(MCContext.cpp.o);lib/libLLVMMC.a(MCSymbolELF.cpp.o);llvm::MCSymbolELF::setType(unsigned int) const;Defined DefinedKind
lib/libLLVMMC.a(MCContext.cpp.o);lib/libLLVMMC.a(MCSymbolELF.cpp.o);llvm::MCSymbolELF::setIsSignature() const;Defined DefinedKind
lib/libLLVMMC.a(MCContext.cpp.o);lib/libLLVMMC.a(MCSymbolXCOFF.cpp.o);llvm::MCSymbolXCOFF::setRepresentedCsect(llvm::MCSectionXCOFF*);Defined DefinedKind
lib/libLLVMMC.a(MCContext.cpp.o);lib/libLLVMBinaryFormat.a(XCOFF.cpp.o);llvm::XCOFF::getMappingClassString(llvm::XCOFF::StorageMappingClass);Defined DefinedKind
lib/libLLVMMC.a(MCDwarf.cpp.o);lib/libLLVMSupport.a(Error.cpp.o);llvm::inconvertibleErrorCode();Defined DefinedKind
lib/libLLVMMC.a(MCDwarf.cpp.o);lib/libLLVMSupport.a(Error.cpp.o);llvm::StringError::StringError(llvm::Twine const&, std::error_code);Defined DefinedKind
lib/libLLVMMC.a(MCDwarf.cpp.o);lib/libLLVMSupport.a(MemAlloc.cpp.o);llvm::deallocate_buffer(void*, unsigned long, unsigned long);Defined DefinedKind
lib/libLLVMMC.a(MCDwarf.cpp.o);lib/libLLVMSupport.a(MemAlloc.cpp.o);llvm::allocate_buffer(unsigned long, unsigned long);Defined DefinedKind
lib/libLLVMMC.a(MCDwarf.cpp.o);lib/libLLVMSupport.a(SourceMgr.cpp.o);llvm::SourceMgr::getLineAndColumn(llvm::SMLoc, unsigned int) const;Defined DefinedKind
lib/libLLVMMC.a(MCDwarf.cpp.o);lib/libLLVMSupport.a(SourceMgr.cpp.o);llvm::SourceMgr::FindBufferContainingLoc(llvm::SMLoc) const;Defined DefinedKind
lib/libLLVMMC.a(MCDwarf.cpp.o);lib/libLLVMSupport.a(StringMap.cpp.o);llvm::StringMapImpl::RehashTable(unsigned int);Defined DefinedKind
lib/libLLVMMC.a(MCDwarf.cpp.o);lib/libLLVMSupport.a(StringMap.cpp.o);llvm::StringMapImpl::LookupBucketFor(llvm::StringRef);Defined DefinedKind
lib/libLLVMMC.a(MCDwarf.cpp.o);lib/libLLVMSupport.a(StringRef.cpp.o);llvm::hash_value(llvm::StringRef);Defined DefinedKind
lib/libLLVMMC.a(MCDwarf.cpp.o);lib/libLLVMSupport.a(StringRef.cpp.o);llvm::hashing::detail::get_execution_seed()::seed;Defined DefinedKind
lib/libLLVMMC.a(MCDwarf.cpp.o);lib/libLLVMSupport.a(StringRef.cpp.o);guard variable for llvm::hashing::detail::get_execution_seed()::seed;Defined DefinedKind
lib/libLLVMMC.a(MCDwarf.cpp.o);lib/libLLVMSupport.a(Hashing.cpp.o);llvm::hashing::detail::fixed_seed_override;Defined DefinedKind
lib/libLLVMMC.a(MCDwarf.cpp.o);lib/libLLVMSupport.a(Twine.cpp.o);llvm::Twine::toVector(llvm::SmallVectorImpl<char>&) const;Defined DefinedKind
lib/libLLVMMC.a(MCDwarf.cpp.o);lib/libLLVMSupport.a(raw_ostream.cpp.o);llvm::raw_ostream::write(unsigned char);Defined DefinedKind
lib/libLLVMMC.a(MCDwarf.cpp.o);lib/libLLVMSupport.a(raw_ostream.cpp.o);llvm::raw_ostream::write(char const*, unsigned long);Defined DefinedKind
lib/libLLVMMC.a(MCDwarf.cpp.o);lib/libLLVMSupport.a(raw_ostream.cpp.o);llvm::raw_ostream::~raw_ostream();Defined DefinedKind
lib/libLLVMMC.a(MCDwarf.cpp.o);lib/libLLVMSupport.a(raw_ostream.cpp.o);llvm::raw_ostream::SetBufferAndMode(char*, unsigned long, llvm::raw_ostream::BufferKind);Defined DefinedKind
lib/libLLVMMC.a(MCDwarf.cpp.o);lib/libLLVMSupport.a(Path.cpp.o);llvm::sys::path::filename(llvm::StringRef, llvm::sys::path::Style);Defined DefinedKind
lib/libLLVMMC.a(MCDwarf.cpp.o);lib/libLLVMSupport.a(Path.cpp.o);llvm::sys::path::get_separator(llvm::sys::path::Style);Defined DefinedKind
lib/libLLVMMC.a(MCDwarf.cpp.o);lib/libLLVMSupport.a(Path.cpp.o);llvm::sys::path::parent_path(llvm::StringRef, llvm::sys::path::Style);Defined DefinedKind
lib/libLLVMMC.a(MCDwarf.cpp.o);lib/libLLVMMC.a(MCContext.cpp.o);llvm::MCContext::createTempSymbol(llvm::Twine const&, bool);Defined DefinedKind
lib/libLLVMMC.a(MCDwarf.cpp.o);lib/libLLVMMC.a(MCContext.cpp.o);llvm::MCContext::createTempSymbol();Defined DefinedKind
lib/libLLVMMC.a(MCDwarf.cpp.o);lib/libLLVMMC.a(MCExpr.cpp.o);llvm::MCBinaryExpr::create(llvm::MCBinaryExpr::Opcode, llvm::MCExpr const*, llvm::MCExpr const*, llvm::MCContext&, llvm::SMLoc);Defined DefinedKind
lib/libLLVMMC.a(MCDwarf.cpp.o);lib/libLLVMMC.a(MCExpr.cpp.o);llvm::MCConstantExpr::create(long, llvm::MCContext&, bool, unsigned int);Defined DefinedKind
lib/libLLVMMC.a(MCDwarf.cpp.o);lib/libLLVMMC.a(MCExpr.cpp.o);llvm::MCSymbolRefExpr::create(llvm::MCSymbol const*, llvm::MCSymbolRefExpr::VariantKind, llvm::MCContext&, llvm::SMLoc);Defined DefinedKind
lib/libLLVMMC.a(MCDwarf.cpp.o);lib/libLLVMMC.a(MCExpr.cpp.o);llvm::MCExpr::findAssociatedFragment() const;Defined DefinedKind
lib/libLLVMMC.a(MCDwarf.cpp.o);lib/libLLVMMC.a(MCRegisterInfo.cpp.o);llvm::MCRegisterInfo::getDwarfRegNum(llvm::MCRegister, bool) const;Defined DefinedKind
lib/libLLVMMC.a(MCDwarf.cpp.o);lib/libLLVMMC.a(MCStreamer.cpp.o);llvm::MCStreamer::emitFill(unsigned long, unsigned char);Defined DefinedKind
lib/libLLVMMC.a(MCDwarf.cpp.o);lib/libLLVMMC.a(MCStreamer.cpp.o);llvm::MCStreamer::emitValue(llvm::MCExpr const*, unsigned int, llvm::SMLoc);Defined DefinedKind
lib/libLLVMMC.a(MCExpr.cpp.o);lib/libLLVMSupport.a(MemAlloc.cpp.o);llvm::allocate_buffer(unsigned long, unsigned long);Defined DefinedKind
lib/libLLVMMC.a(MCExpr.cpp.o);lib/libLLVMSupport.a(StringRef.cpp.o);llvm::StringRef::lower[abi:cxx11]() const;Defined DefinedKind
lib/libLLVMMC.a(MCExpr.cpp.o);lib/libLLVMSupport.a(Twine.cpp.o);llvm::Twine::print(llvm::raw_ostream&) const;Defined DefinedKind
lib/libLLVMMC.a(MCExpr.cpp.o);lib/libLLVMSupport.a(raw_ostream.cpp.o);llvm::raw_ostream::operator<<(llvm::format_object_base const&);Defined DefinedKind
lib/libLLVMMC.a(MCExpr.cpp.o);lib/libLLVMSupport.a(raw_ostream.cpp.o);llvm::raw_ostream::operator<<(long);Defined DefinedKind
lib/libLLVMMC.a(MCExpr.cpp.o);lib/libLLVMSupport.a(raw_ostream.cpp.o);llvm::raw_ostream::write(char const*, unsigned long);Defined DefinedKind
lib/libLLVMMC.a(MCExpr.cpp.o);lib/libLLVMSupport.a(raw_ostream.cpp.o);llvm::raw_ostream::write(unsigned char);Defined DefinedKind
lib/libLLVMMC.a(MCExpr.cpp.o);lib/libLLVMSupport.a(raw_ostream.cpp.o);llvm::format_object_base::home();Defined DefinedKind
lib/libLLVMMC.a(MCExpr.cpp.o);lib/libLLVMMC.a(MCContext.cpp.o);llvm::MCContext::getOrCreateSymbol(llvm::Twine const&);Defined DefinedKind
lib/libLLVMMC.a(MCExpr.cpp.o);lib/libLLVMMC.a(MCAssembler.cpp.o);llvm::MCAssembler::isThumbFunc(llvm::MCSymbol const*) const;Defined DefinedKind
lib/libLLVMMC.a(MCExpr.cpp.o);lib/libLLVMMC.a(MCFragment.cpp.o);llvm::MCAsmLayout::canGetFragmentOffset(llvm::MCFragment const*) const;Defined DefinedKind
lib/libLLVMMC.a(MCExpr.cpp.o);lib/libLLVMMC.a(MCFragment.cpp.o);llvm::MCAsmLayout::getSymbolOffset(llvm::MCSymbol const&) const;Defined DefinedKind
lib/libLLVMMC.a(MCExpr.cpp.o);lib/libLLVMMC.a(MCObjectWriter.cpp.o);llvm::MCObjectWriter::isSymbolRefDifferenceFullyResolved(llvm::MCAssembler const&, llvm::MCSymbolRefExpr const*, llvm::MCSymbolRefExpr const*, bool) const;Defined DefinedKind
lib/libLLVMMC.a(MCExpr.cpp.o);lib/libLLVMMC.a(MCSymbol.cpp.o);llvm::MCSymbol::print(llvm::raw_ostream&, llvm::MCAsmInfo const*) const;Defined DefinedKind
lib/libLLVMMC.a(MCExpr.cpp.o);lib/libLLVMMC.a(MCSymbol.cpp.o);llvm::MCSymbol::AbsolutePseudoFragment;Defined DefinedKind
lib/libLLVMMC.a(MCAssembler.cpp.o);lib/libLLVMSupport.a(ErrorHandling.cpp.o);llvm::report_fatal_error(llvm::Twine const&, bool);Defined DefinedKind
lib/libLLVMMC.a(MCAssembler.cpp.o);lib/libLLVMSupport.a(ErrorHandling.cpp.o);llvm::report_fatal_error(char const*, bool);Defined DefinedKind
lib/libLLVMMC.a(MCAssembler.cpp.o);lib/libLLVMSupport.a(MemAlloc.cpp.o);llvm::deallocate_buffer(void*, unsigned long, unsigned long);Defined DefinedKind
lib/libLLVMMC.a(MCAssembler.cpp.o);lib/libLLVMSupport.a(MemAlloc.cpp.o);llvm::allocate_buffer(unsigned long, unsigned long);Defined DefinedKind
lib/libLLVMMC.a(MCAssembler.cpp.o);lib/libLLVMSupport.a(SmallPtrSet.cpp.o);llvm::SmallPtrSetImplBase::FindBucketFor(void const*) const;Defined DefinedKind
lib/libLLVMMC.a(MCAssembler.cpp.o);lib/libLLVMSupport.a(SmallPtrSet.cpp.o);llvm::SmallPtrSetImplBase::insert_imp_big(void const*);Defined DefinedKind
lib/libLLVMMC.a(MCAssembler.cpp.o);lib/libLLVMSupport.a(SmallPtrSet.cpp.o);llvm::SmallPtrSetImplBase::shrink_and_clear();Defined DefinedKind
lib/libLLVMMC.a(MCAssembler.cpp.o);lib/libLLVMSupport.a(raw_ostream.cpp.o);llvm::raw_ostream::SetBufferAndMode(char*, unsigned long, llvm::raw_ostream::BufferKind);Defined DefinedKind
lib/libLLVMMC.a(MCAssembler.cpp.o);lib/libLLVMSupport.a(raw_ostream.cpp.o);llvm::raw_ostream::write(unsigned char);Defined DefinedKind
lib/libLLVMMC.a(MCAssembler.cpp.o);lib/libLLVMSupport.a(raw_ostream.cpp.o);llvm::raw_ostream::~raw_ostream();Defined DefinedKind
lib/libLLVMMC.a(MCAssembler.cpp.o);lib/libLLVMSupport.a(raw_ostream.cpp.o);llvm::raw_ostream::write(char const*, unsigned long);Defined DefinedKind
lib/libLLVMMC.a(MCAssembler.cpp.o);lib/libLLVMMC.a(MCContext.cpp.o);llvm::MCContext::getCVContext();Defined DefinedKind
lib/libLLVMMC.a(MCAssembler.cpp.o);lib/libLLVMMC.a(MCContext.cpp.o);llvm::MCContext::reportError(llvm::SMLoc, llvm::Twine const&);Defined DefinedKind
lib/libLLVMMC.a(MCAssembler.cpp.o);lib/libLLVMMC.a(MCExpr.cpp.o);llvm::MCExpr::evaluateAsValue(llvm::MCValue&, llvm::MCAsmLayout const&) const;Defined DefinedKind
lib/libLLVMMC.a(MCAssembler.cpp.o);lib/libLLVMMC.a(MCExpr.cpp.o);llvm::MCExpr::evaluateAsAbsolute(long&, llvm::MCAsmLayout const&) const;Defined DefinedKind
lib/libLLVMMC.a(MCAssembler.cpp.o);lib/libLLVMMC.a(MCExpr.cpp.o);llvm::MCExpr::findAssociatedFragment() const;Defined DefinedKind
lib/libLLVMMC.a(MCAssembler.cpp.o);lib/libLLVMMC.a(MCExpr.cpp.o);llvm::MCExpr::evaluateAsRelocatable(llvm::MCValue&, llvm::MCAsmLayout const*, llvm::MCFixup const*) const;Defined DefinedKind
lib/libLLVMMC.a(MCAssembler.cpp.o);lib/libLLVMMC.a(MCFragment.cpp.o);llvm::MCFragment::MCFragment(llvm::MCFragment::FragmentType, bool, llvm::MCSection*);Defined DefinedKind
lib/libLLVMMC.a(MCAssembler.cpp.o);lib/libLLVMMC.a(MCFragment.cpp.o);llvm::computeBundlePadding(llvm::MCAssembler const&, llvm::MCEncodedFragment const*, unsigned long, unsigned long);Defined DefinedKind
lib/libLLVMMC.a(MCAssembler.cpp.o);lib/libLLVMMC.a(MCFragment.cpp.o);llvm::MCAsmLayout::getSymbolOffset(llvm::MCSymbol const&, unsigned long&) const;Defined DefinedKind
lib/libLLVMMC.a(MCAssembler.cpp.o);lib/libLLVMMC.a(MCFragment.cpp.o);llvm::MCAsmLayout::getSymbolOffset(llvm::MCSymbol const&) const;Defined DefinedKind
lib/libLLVMMC.a(MCAssembler.cpp.o);lib/libLLVMMC.a(MCFragment.cpp.o);llvm::MCAsmLayout::getFragmentOffset(llvm::MCFragment const*) const;Defined DefinedKind
lib/libLLVMMC.a(MCAssembler.cpp.o);lib/libLLVMMC.a(MCSymbol.cpp.o);llvm::MCSymbol::AbsolutePseudoFragment;Defined DefinedKind
lib/libLLVMMC.a(MCFragment.cpp.o);lib/libLLVMSupport.a(ErrorHandling.cpp.o);llvm::report_fatal_error(llvm::Twine const&, bool);Defined DefinedKind
lib/libLLVMMC.a(MCFragment.cpp.o);lib/libLLVMSupport.a(MemAlloc.cpp.o);llvm::allocate_buffer(unsigned long, unsigned long);Defined DefinedKind
lib/libLLVMMC.a(MCFragment.cpp.o);lib/libLLVMSupport.a(MemAlloc.cpp.o);llvm::deallocate_buffer(void*, unsigned long, unsigned long);Defined DefinedKind
lib/libLLVMMC.a(MCFragment.cpp.o);lib/libLLVMSupport.a(raw_ostream.cpp.o);llvm::raw_ostream::operator<<(unsigned long);Defined DefinedKind
lib/libLLVMMC.a(MCFragment.cpp.o);lib/libLLVMSupport.a(raw_ostream.cpp.o);llvm::raw_ostream::operator<<(long);Defined DefinedKind
lib/libLLVMMC.a(MCFragment.cpp.o);lib/libLLVMSupport.a(raw_ostream.cpp.o);llvm::raw_ostream::write(char const*, unsigned long);Defined DefinedKind
lib/libLLVMMC.a(MCFragment.cpp.o);lib/libLLVMMC.a(MCContext.cpp.o);llvm::MCContext::reportError(llvm::SMLoc, llvm::Twine const&);Defined DefinedKind
lib/libLLVMMC.a(MCFragment.cpp.o);lib/libLLVMMC.a(MCExpr.cpp.o);llvm::MCExpr::findAssociatedFragment() const;Defined DefinedKind
lib/libLLVMMC.a(MCFragment.cpp.o);lib/libLLVMMC.a(MCExpr.cpp.o);llvm::MCExpr::evaluateAsValue(llvm::MCValue&, llvm::MCAsmLayout const&) const;Defined DefinedKind
lib/libLLVMMC.a(MCFragment.cpp.o);lib/libLLVMMC.a(MCExpr.cpp.o);llvm::MCExpr::print(llvm::raw_ostream&, llvm::MCAsmInfo const*, bool) const;Defined DefinedKind
lib/libLLVMMC.a(MCFragment.cpp.o);lib/libLLVMMC.a(MCAssembler.cpp.o);llvm::MCAsmLayout::layoutFragment(llvm::MCFragment*);Defined DefinedKind
lib/libLLVMMC.a(MCFragment.cpp.o);lib/libLLVMMC.a(MCAssembler.cpp.o);llvm::MCAssembler::computeFragmentSize(llvm::MCAsmLayout const&, llvm::MCFragment const&) const;Defined DefinedKind
lib/libLLVMMC.a(MCObjectFileInfo.cpp.o);lib/libLLVMSupport.a(ErrorHandling.cpp.o);llvm::report_fatal_error(char const*, bool);Defined DefinedKind
lib/libLLVMMC.a(MCObjectFileInfo.cpp.o);lib/libLLVMSupport.a(Triple.cpp.o);llvm::Triple::isMacOSXVersionLT(unsigned int, unsigned int, unsigned int) const;Defined DefinedKind
lib/libLLVMMC.a(MCObjectFileInfo.cpp.o);lib/libLLVMMC.a(MCContext.cpp.o);llvm::MCContext::getMachOSection(llvm::StringRef, llvm::StringRef, unsigned int, unsigned int, llvm::SectionKind, char const*);Defined DefinedKind
lib/libLLVMMC.a(MCObjectFileInfo.cpp.o);lib/libLLVMMC.a(MCContext.cpp.o);llvm::MCContext::getELFSection(llvm::Twine const&, unsigned int, unsigned int, unsigned int, llvm::Twine const&, bool, unsigned int, llvm::MCSymbolELF const*);Defined DefinedKind
lib/libLLVMMC.a(MCObjectFileInfo.cpp.o);lib/libLLVMMC.a(MCContext.cpp.o);llvm::MCContext::getCOFFSection(llvm::StringRef, unsigned int, llvm::SectionKind, char const*);Defined DefinedKind
lib/libLLVMMC.a(MCObjectFileInfo.cpp.o);lib/libLLVMMC.a(MCContext.cpp.o);llvm::MCContext::getWasmSection(llvm::Twine const&, llvm::SectionKind, unsigned int, llvm::Twine const&, unsigned int, char const*);Defined DefinedKind
lib/libLLVMMC.a(MCObjectFileInfo.cpp.o);lib/libLLVMMC.a(MCContext.cpp.o);llvm::MCContext::getXCOFFSection(llvm::StringRef, llvm::SectionKind, llvm::Optional<llvm::XCOFF::CsectProperties>, bool, char const*, llvm::Optional<llvm::XCOFF::DwarfSectionSubtypeFlags>);Defined DefinedKind
lib/libLLVMMC.a(MCObjectStreamer.cpp.o);lib/libLLVMSupport.a(ErrorHandling.cpp.o);llvm::report_fatal_error(char const*, bool);Defined DefinedKind
lib/libLLVMMC.a(MCObjectStreamer.cpp.o);lib/libLLVMSupport.a(MemAlloc.cpp.o);llvm::allocate_buffer(unsigned long, unsigned long);Defined DefinedKind
lib/libLLVMMC.a(MCObjectStreamer.cpp.o);lib/libLLVMSupport.a(MemAlloc.cpp.o);llvm::deallocate_buffer(void*, unsigned long, unsigned long);Defined DefinedKind
lib/libLLVMMC.a(MCObjectStreamer.cpp.o);lib/libLLVMSupport.a(SourceMgr.cpp.o);llvm::SourceMgr::PrintMessage(llvm::SMLoc, llvm::SourceMgr::DiagKind, llvm::Twine const&, llvm::ArrayRef<llvm::SMRange>, llvm::ArrayRef<llvm::SMFixIt>, bool) const;Defined DefinedKind
lib/libLLVMMC.a(MCObjectStreamer.cpp.o);lib/libLLVMSupport.a(raw_ostream.cpp.o);llvm::raw_ostream::~raw_ostream();Defined DefinedKind
lib/libLLVMMC.a(MCObjectStreamer.cpp.o);lib/libLLVMSupport.a(raw_ostream.cpp.o);llvm::raw_ostream::SetBufferAndMode(char*, unsigned long, llvm::raw_ostream::BufferKind);Defined DefinedKind
lib/libLLVMMC.a(MCObjectStreamer.cpp.o);lib/libLLVMMC.a(MCContext.cpp.o);llvm::MCContext::getCVContext();Defined DefinedKind
lib/libLLVMMC.a(MCObjectStreamer.cpp.o);lib/libLLVMMC.a(MCContext.cpp.o);llvm::MCContext::createTempSymbol(llvm::Twine const&, bool);Defined DefinedKind
lib/libLLVMMC.a(MCObjectStreamer.cpp.o);lib/libLLVMMC.a(MCContext.cpp.o);llvm::MCContext::reportError(llvm::SMLoc, llvm::Twine const&);Defined DefinedKind
lib/libLLVMMC.a(MCObjectStreamer.cpp.o);lib/libLLVMMC.a(MCContext.cpp.o);llvm::MCContext::createTempSymbol();Defined DefinedKind
lib/libLLVMMC.a(MCObjectStreamer.cpp.o);lib/libLLVMMC.a(MCExpr.cpp.o);llvm::MCSymbolRefExpr::create(llvm::MCSymbol const*, llvm::MCSymbolRefExpr::VariantKind, llvm::MCContext&, llvm::SMLoc);Defined DefinedKind
lib/libLLVMMC.a(MCObjectStreamer.cpp.o);lib/libLLVMMC.a(MCExpr.cpp.o);llvm::MCExpr::findAssociatedFragment() const;Defined DefinedKind
lib/libLLVMMC.a(MCObjectStreamer.cpp.o);lib/libLLVMMC.a(MCExpr.cpp.o);llvm::MCBinaryExpr::create(llvm::MCBinaryExpr::Opcode, llvm::MCExpr const*, llvm::MCExpr const*, llvm::MCContext&, llvm::SMLoc);Defined DefinedKind
lib/libLLVMMC.a(MCObjectStreamer.cpp.o);lib/libLLVMMC.a(MCExpr.cpp.o);llvm::MCExpr::evaluateAsRelocatable(llvm::MCValue&, llvm::MCAsmLayout const*, llvm::MCFixup const*) const;Defined DefinedKind
lib/libLLVMMC.a(MCObjectStreamer.cpp.o);lib/libLLVMMC.a(MCExpr.cpp.o);llvm::MCExpr::evaluateAsAbsolute(long&, llvm::MCAssembler const*) const;Defined DefinedKind
lib/libLLVMMC.a(MCObjectStreamer.cpp.o);lib/libLLVMMC.a(MCFragment.cpp.o);llvm::MCFragment::MCFragment(llvm::MCFragment::FragmentType, bool, llvm::MCSection*);Defined DefinedKind
lib/libLLVMMC.a(MCObjectStreamer.cpp.o);lib/libLLVMMC.a(MCStreamer.cpp.o);llvm::MCStreamer::emitCFIOffset(long, long);Defined DefinedKind
lib/libLLVMMC.a(MCObjectStreamer.cpp.o);lib/libLLVMMC.a(MCStreamer.cpp.o);llvm::MCStreamer::emitCFIPersonality(llvm::MCSymbol const*, unsigned int);Defined DefinedKind
lib/libLLVMMC.a(MCObjectStreamer.cpp.o);lib/libLLVMMC.a(MCStreamer.cpp.o);llvm::MCStreamer::emitCFILsda(llvm::MCSymbol const*, unsigned int);Defined DefinedKind
lib/libLLVMMC.a(MCObjectStreamer.cpp.o);lib/libLLVMMC.a(MCStreamer.cpp.o);llvm::MCStreamer::emitCFIRememberState();Defined DefinedKind
lib/libLLVMMC.a(MCObjectStreamer.cpp.o);lib/libLLVMMC.a(MCStreamer.cpp.o);llvm::MCStreamer::emitCFIRestoreState();Defined DefinedKind
lib/libLLVMMC.a(MCObjectStreamer.cpp.o);lib/libLLVMMC.a(MCStreamer.cpp.o);llvm::MCStreamer::emitCFIGnuArgsSize(long);Defined DefinedKind
lib/libLLVMMC.a(MCObjectStreamer.cpp.o);lib/libLLVMMC.a(MCStreamer.cpp.o);llvm::MCStreamer::emitCFISameValue(long);Defined DefinedKind
lib/libLLVMMC.a(MCObjectStreamer.cpp.o);lib/libLLVMMC.a(MCStreamer.cpp.o);llvm::MCStreamer::emitCFIRestore(long);Defined DefinedKind
lib/libLLVMMC.a(MCObjectStreamer.cpp.o);lib/libLLVMMC.a(MCStreamer.cpp.o);llvm::MCStreamer::emitCFIRelOffset(long, long);Defined DefinedKind
lib/libLLVMMC.a(MCObjectStreamer.cpp.o);lib/libLLVMMC.a(MCStreamer.cpp.o);llvm::MCStreamer::emitCFIAdjustCfaOffset(long);Defined DefinedKind
lib/libLLVMMC.a(MCObjectStreamer.cpp.o);lib/libLLVMMC.a(MCStreamer.cpp.o);llvm::MCStreamer::emitCFIEscape(llvm::StringRef);Defined DefinedKind
lib/libLLVMMC.a(MCObjectStreamer.cpp.o);lib/libLLVMMC.a(MCStreamer.cpp.o);llvm::MCStreamer::emitCFIReturnColumn(long);Defined DefinedKind
lib/libLLVMMC.a(MCObjectStreamer.cpp.o);lib/libLLVMMC.a(MCStreamer.cpp.o);llvm::MCStreamer::EmitCVFileDirective(unsigned int, llvm::StringRef, llvm::ArrayRef<unsigned char>, unsigned int);Defined DefinedKind
lib/libLLVMMC.a(MCObjectStreamer.cpp.o);lib/libLLVMMC.a(MCStreamer.cpp.o);llvm::MCStreamer::emitCFILLVMDefAspaceCfa(long, long, long);Defined DefinedKind
lib/libLLVMMC.a(MCObjectStreamer.cpp.o);lib/libLLVMMC.a(MCStreamer.cpp.o);llvm::MCStreamer::emitCFIDefCfaRegister(long);Defined DefinedKind
lib/libLLVMMC.a(MCObjectStreamer.cpp.o);lib/libLLVMMC.a(MCStreamer.cpp.o);llvm::MCStreamer::emitCFIDefCfaOffset(long);Defined DefinedKind
lib/libLLVMMC.a(MCObjectStreamer.cpp.o);lib/libLLVMMC.a(MCStreamer.cpp.o);llvm::MCStreamer::emitCFIDefCfa(long, long);Defined DefinedKind
lib/libLLVMMC.a(MCObjectStreamer.cpp.o);lib/libLLVMMC.a(MCStreamer.cpp.o);llvm::MCStreamer::getDwarfLineTableSymbol(unsigned int);Defined DefinedKind
lib/libLLVMMC.a(MCObjectStreamer.cpp.o);lib/libLLVMMC.a(MCStreamer.cpp.o);llvm::MCStreamer::emitCVDefRangeDirective(llvm::ArrayRef<std::pair<llvm::MCSymbol const*, llvm::MCSymbol const*> >, llvm::codeview::DefRangeFramePointerRelHeader);Defined DefinedKind
lib/libLLVMMC.a(MCObjectStreamer.cpp.o);lib/libLLVMMC.a(MCStreamer.cpp.o);llvm::MCStreamer::emitCVDefRangeDirective(llvm::ArrayRef<std::pair<llvm::MCSymbol const*, llvm::MCSymbol const*> >, llvm::codeview::DefRangeRegisterHeader);Defined DefinedKind
lib/libLLVMMC.a(MCObjectStreamer.cpp.o);lib/libLLVMMC.a(MCStreamer.cpp.o);llvm::MCStreamer::emitCVDefRangeDirective(llvm::ArrayRef<std::pair<llvm::MCSymbol const*, llvm::MCSymbol const*> >, llvm::codeview::DefRangeSubfieldRegisterHeader);Defined DefinedKind
lib/libLLVMMC.a(MCObjectStreamer.cpp.o);lib/libLLVMMC.a(MCStreamer.cpp.o);llvm::MCStreamer::emitCVDefRangeDirective(llvm::ArrayRef<std::pair<llvm::MCSymbol const*, llvm::MCSymbol const*> >, llvm::codeview::DefRangeRegisterRelHeader);Defined DefinedKind
lib/libLLVMMC.a(MCObjectStreamer.cpp.o);lib/libLLVMMC.a(MCStreamer.cpp.o);llvm::MCStreamer::EmitCVInlineSiteIdDirective(unsigned int, unsigned int, unsigned int, unsigned int, unsigned int, llvm::SMLoc);Defined DefinedKind
lib/libLLVMMC.a(MCObjectStreamer.cpp.o);lib/libLLVMMC.a(MCStreamer.cpp.o);llvm::MCStreamer::EmitCVFuncIdDirective(unsigned int);Defined DefinedKind
lib/libLLVMMC.a(MCObjectStreamer.cpp.o);lib/libLLVMMC.a(MCStreamer.cpp.o);llvm::MCStreamer::emitDwarfLineStartLabel(llvm::MCSymbol*);Defined DefinedKind
lib/libLLVMMC.a(MCObjectStreamer.cpp.o);lib/libLLVMMC.a(MCStreamer.cpp.o);llvm::MCStreamer::EmitWinCFIAllocStack(unsigned int, llvm::SMLoc);Defined DefinedKind
lib/libLLVMMC.a(MCObjectStreamer.cpp.o);lib/libLLVMMC.a(MCStreamer.cpp.o);llvm::MCStreamer::emitDwarfUnitLength(llvm::Twine const&, llvm::Twine const&);Defined DefinedKind
lib/libLLVMMC.a(MCObjectStreamer.cpp.o);lib/libLLVMMC.a(MCStreamer.cpp.o);llvm::MCStreamer::emitDwarfUnitLength(unsigned long, llvm::Twine const&);Defined DefinedKind
lib/libLLVMMC.a(MCObjectStreamer.cpp.o);lib/libLLVMMC.a(MCStreamer.cpp.o);llvm::MCStreamer::emitPseudoProbe(unsigned long, unsigned long, unsigned long, unsigned long, llvm::SmallVector<std::tuple<unsigned long, unsigned int>, 8u> const&);Defined DefinedKind
lib/libLLVMMC.a(MCObjectStreamer.cpp.o);lib/libLLVMMC.a(MCStreamer.cpp.o);llvm::MCStreamer::emitSyntaxDirective();Defined DefinedKind
lib/libLLVMMC.a(MCObjectStreamer.cpp.o);lib/libLLVMMC.a(MCStreamer.cpp.o);llvm::MCStreamer::emitCGProfileEntry(llvm::MCSymbolRefExpr const*, llvm::MCSymbolRefExpr const*, unsigned long);Defined DefinedKind
lib/libLLVMMC.a(MCObjectStreamer.cpp.o);lib/libLLVMMC.a(MCStreamer.cpp.o);llvm::MCStreamer::EmitWinEHHandlerData(llvm::SMLoc);Defined DefinedKind
lib/libLLVMMC.a(MCObjectStreamer.cpp.o);lib/libLLVMMC.a(MCStreamer.cpp.o);llvm::MCStreamer::EmitWinEHHandler(llvm::MCSymbol const*, bool, bool, llvm::SMLoc);Defined DefinedKind
lib/libLLVMMC.a(MCObjectStreamer.cpp.o);lib/libLLVMMC.a(MCStreamer.cpp.o);llvm::MCStreamer::EmitWinCFIEndProlog(llvm::SMLoc);Defined DefinedKind
lib/libLLVMMC.a(MCObjectStreamer.cpp.o);lib/libLLVMMC.a(MCStreamer.cpp.o);llvm::MCStreamer::EmitWinCFIPushFrame(bool, llvm::SMLoc);Defined DefinedKind
lib/libLLVMMC.a(MCObjectStreamer.cpp.o);lib/libLLVMMC.a(MCStreamer.cpp.o);llvm::MCStreamer::EmitWinCFISaveXMM(llvm::MCRegister, unsigned int, llvm::SMLoc);Defined DefinedKind
lib/libLLVMMC.a(MCObjectStreamer.cpp.o);lib/libLLVMMC.a(MCStreamer.cpp.o);llvm::MCStreamer::EmitWinCFISaveReg(llvm::MCRegister, unsigned int, llvm::SMLoc);Defined DefinedKind
lib/libLLVMMC.a(MCObjectStreamer.cpp.o);lib/libLLVMMC.a(MCStreamer.cpp.o);llvm::MCStreamer::emitCFISignalFrame();Defined DefinedKind
lib/libLLVMMC.a(MCObjectStreamer.cpp.o);lib/libLLVMMC.a(MCStreamer.cpp.o);llvm::MCStreamer::EmitWinCFISetFrame(llvm::MCRegister, unsigned int, llvm::SMLoc);Defined DefinedKind
lib/libLLVMMC.a(MCObjectStreamer.cpp.o);lib/libLLVMMC.a(MCStreamer.cpp.o);llvm::MCStreamer::EmitWinCFIPushReg(llvm::MCRegister, llvm::SMLoc);Defined DefinedKind
lib/libLLVMMC.a(MCObjectStreamer.cpp.o);lib/libLLVMMC.a(MCStreamer.cpp.o);llvm::MCStreamer::EmitWinCFIEndChained(llvm::SMLoc);Defined DefinedKind
lib/libLLVMMC.a(MCObjectStreamer.cpp.o);lib/libLLVMMC.a(MCStreamer.cpp.o);llvm::MCStreamer::EmitWinCFIStartChained(llvm::SMLoc);Defined DefinedKind
lib/libLLVMMC.a(MCObjectStreamer.cpp.o);lib/libLLVMMC.a(MCStreamer.cpp.o);llvm::MCStreamer::EmitWinCFIFuncletOrFuncEnd(llvm::SMLoc);Defined DefinedKind
lib/libLLVMMC.a(MCObjectStreamer.cpp.o);lib/libLLVMMC.a(MCStreamer.cpp.o);llvm::MCStreamer::EmitWinCFIEndProc(llvm::SMLoc);Defined DefinedKind
lib/libLLVMMC.a(MCObjectStreamer.cpp.o);lib/libLLVMMC.a(MCStreamer.cpp.o);llvm::MCStreamer::EmitWinCFIStartProc(llvm::MCSymbol const*, llvm::SMLoc);Defined DefinedKind
lib/libLLVMMC.a(MCObjectStreamer.cpp.o);lib/libLLVMMC.a(MCStreamer.cpp.o);llvm::MCStreamer::emitCFINegateRAState();Defined DefinedKind
lib/libLLVMMC.a(MCObjectStreamer.cpp.o);lib/libLLVMMC.a(MCStreamer.cpp.o);llvm::MCStreamer::emitCFIWindowSave();Defined DefinedKind
lib/libLLVMMC.a(MCObjectStreamer.cpp.o);lib/libLLVMMC.a(MCStreamer.cpp.o);llvm::MCStreamer::emitCFIRegister(long, long);Defined DefinedKind
lib/libLLVMMC.a(MCObjectStreamer.cpp.o);lib/libLLVMMC.a(MCStreamer.cpp.o);llvm::MCStreamer::emitCFIUndefined(long);Defined DefinedKind
lib/libLLVMMC.a(MCObjectStreamer.cpp.o);lib/libLLVMMC.a(MCStreamer.cpp.o);llvm::MCStreamer::emitCVLinetableDirective(unsigned int, llvm::MCSymbol const*, llvm::MCSymbol const*);Defined DefinedKind
lib/libLLVMMC.a(MCObjectStreamer.cpp.o);lib/libLLVMMC.a(MCStreamer.cpp.o);llvm::MCStreamer::emitEHSymAttributes(llvm::MCSymbol const*, llvm::MCSymbol*);Defined DefinedKind
lib/libLLVMMC.a(MCObjectStreamer.cpp.o);lib/libLLVMMC.a(MCStreamer.cpp.o);llvm::MCStreamer::InitSections(bool);Defined DefinedKind
lib/libLLVMMC.a(MCObjectStreamer.cpp.o);lib/libLLVMMC.a(MCStreamer.cpp.o);llvm::MCStreamer::SwitchSection(llvm::MCSection*, llvm::MCExpr const*);Defined DefinedKind
lib/libLLVMMC.a(MCObjectStreamer.cpp.o);lib/libLLVMMC.a(MCStreamer.cpp.o);llvm::MCStreamer::emitExplicitComments();Defined DefinedKind
lib/libLLVMMC.a(MCObjectStreamer.cpp.o);lib/libLLVMMC.a(MCStreamer.cpp.o);llvm::MCStreamer::addExplicitComment(llvm::Twine const&);Defined DefinedKind
lib/libLLVMMC.a(MCObjectStreamer.cpp.o);lib/libLLVMMC.a(MCStreamer.cpp.o);llvm::MCStreamer::emitRawComment(llvm::Twine const&, bool);Defined DefinedKind
lib/libLLVMMC.a(MCObjectStreamer.cpp.o);lib/libLLVMMC.a(MCStreamer.cpp.o);llvm::MCStreamer::GetCommentOS();Defined DefinedKind
lib/libLLVMMC.a(MCObjectStreamer.cpp.o);lib/libLLVMMC.a(MCStreamer.cpp.o);llvm::MCStreamer::emitRawTextImpl(llvm::StringRef);Defined DefinedKind
lib/libLLVMMC.a(MCObjectStreamer.cpp.o);lib/libLLVMMC.a(MCStreamer.cpp.o);llvm::MCStreamer::EmitWindowsUnwindTables();Defined DefinedKind
lib/libLLVMMC.a(MCObjectStreamer.cpp.o);lib/libLLVMMC.a(MCStreamer.cpp.o);llvm::MCStreamer::EmitWindowsUnwindTables(llvm::WinEH::FrameInfo*);Defined DefinedKind
lib/libLLVMMC.a(MCObjectStreamer.cpp.o);lib/libLLVMMC.a(MCStreamer.cpp.o);llvm::MCStreamer::emitCVDefRangeDirective(llvm::ArrayRef<std::pair<llvm::MCSymbol const*, llvm::MCSymbol const*> >, llvm::StringRef);Defined DefinedKind
lib/libLLVMMC.a(MCObjectStreamer.cpp.o);lib/libLLVMMC.a(MCStreamer.cpp.o);llvm::MCStreamer::emitCVInlineLinetableDirective(unsigned int, unsigned int, unsigned int, llvm::MCSymbol const*, llvm::MCSymbol const*);Defined DefinedKind
lib/libLLVMMC.a(MCObjectStreamer.cpp.o);lib/libLLVMMC.a(MCStreamer.cpp.o);llvm::MCStreamer::emitAssemblerFlag(llvm::MCAssemblerFlag);Defined DefinedKind
lib/libLLVMMC.a(MCObjectStreamer.cpp.o);lib/libLLVMMC.a(MCStreamer.cpp.o);llvm::MCStreamer::emitDwarfLocDirective(unsigned int, unsigned int, unsigned int, unsigned int, unsigned int, unsigned int, llvm::StringRef);Defined DefinedKind
lib/libLLVMMC.a(MCObjectStreamer.cpp.o);lib/libLLVMMC.a(MCStreamer.cpp.o);llvm::MCStreamer::emitInstruction(llvm::MCInst const&, llvm::MCSubtargetInfo const&);Defined DefinedKind
lib/libLLVMMC.a(MCObjectStreamer.cpp.o);lib/libLLVMMC.a(MCStreamer.cpp.o);llvm::MCStreamer::emitAssignment(llvm::MCSymbol*, llvm::MCExpr const*);Defined DefinedKind
lib/libLLVMMC.a(MCObjectStreamer.cpp.o);lib/libLLVMMC.a(MCStreamer.cpp.o);llvm::MCStreamer::emitLabel(llvm::MCSymbol*, llvm::SMLoc);Defined DefinedKind
lib/libLLVMMC.a(MCObjectStreamer.cpp.o);lib/libLLVMMC.a(MCStreamer.cpp.o);llvm::MCStreamer::emitValueImpl(llvm::MCExpr const*, unsigned int, llvm::SMLoc);Defined DefinedKind
lib/libLLVMMC.a(MCObjectStreamer.cpp.o);lib/libLLVMMC.a(MCStreamer.cpp.o);llvm::MCStreamer::emitCFISections(bool, bool);Defined DefinedKind
lib/libLLVMMC.a(MCObjectStreamer.cpp.o);lib/libLLVMMC.a(MCStreamer.cpp.o);llvm::MCStreamer::reset();Defined DefinedKind
lib/libLLVMMC.a(MCObjectStreamer.cpp.o);lib/libLLVMMC.a(MCStreamer.cpp.o);llvm::MCStreamer::emitAbsoluteSymbolDiffAsULEB128(llvm::MCSymbol const*, llvm::MCSymbol const*);Defined DefinedKind
lib/libLLVMMC.a(MCObjectStreamer.cpp.o);lib/libLLVMMC.a(MCStreamer.cpp.o);llvm::MCStreamer::emitAbsoluteSymbolDiff(llvm::MCSymbol const*, llvm::MCSymbol const*, unsigned int);Defined DefinedKind
lib/libLLVMMC.a(MCObjectStreamer.cpp.o);lib/libLLVMMC.a(MCStreamer.cpp.o);llvm::MCStreamer::~MCStreamer();Defined DefinedKind
lib/libLLVMMC.a(MCObjectStreamer.cpp.o);lib/libLLVMMC.a(MCStreamer.cpp.o);llvm::MCStreamer::MCStreamer(llvm::MCContext&);Defined DefinedKind
lib/libLLVMMC.a(MCObjectStreamer.cpp.o);lib/libLLVMMC.a(MCStreamer.cpp.o);llvm::MCStreamer::emitXCOFFLocalCommonSymbol(llvm::MCSymbol*, unsigned long, llvm::MCSymbol*, unsigned int);Defined DefinedKind
lib/libLLVMMC.a(MCObjectStreamer.cpp.o);lib/libLLVMMC.a(MCStreamer.cpp.o);llvm::MCStreamer::emitDwarfFile0Directive(llvm::StringRef, llvm::StringRef, llvm::Optional<llvm::MD5::MD5Result>, llvm::Optional<llvm::StringRef>, unsigned int);Defined DefinedKind
lib/libLLVMMC.a(MCObjectStreamer.cpp.o);lib/libLLVMMC.a(MCStreamer.cpp.o);llvm::MCStreamer::tryEmitDwarfFileDirective(unsigned int, llvm::StringRef, llvm::StringRef, llvm::Optional<llvm::MD5::MD5Result>, llvm::Optional<llvm::StringRef>, unsigned int);Defined DefinedKind
lib/libLLVMMC.a(MCObjectStreamer.cpp.o);lib/libLLVMMC.a(MCStreamer.cpp.o);llvm::MCStreamer::emitIntValue(llvm::APInt);Defined DefinedKind
lib/libLLVMMC.a(MCObjectStreamer.cpp.o);lib/libLLVMMC.a(MCStreamer.cpp.o);llvm::MCStreamer::emitIntValue(unsigned long, unsigned int);Defined DefinedKind
lib/libLLVMMC.a(MCObjectStreamer.cpp.o);lib/libLLVMMC.a(MCStreamer.cpp.o);llvm::MCStreamer::emitBinaryData(llvm::StringRef);Defined DefinedKind
lib/libLLVMMC.a(MCObjectStreamer.cpp.o);lib/libLLVMMC.a(MCStreamer.cpp.o);llvm::MCStreamer::emitTBSSSymbol(llvm::MCSection*, llvm::MCSymbol*, unsigned long, unsigned int);Defined DefinedKind
lib/libLLVMMC.a(MCObjectStreamer.cpp.o);lib/libLLVMMC.a(MCStreamer.cpp.o);llvm::MCStreamer::emitLocalCommonSymbol(llvm::MCSymbol*, unsigned long, unsigned int);Defined DefinedKind
lib/libLLVMMC.a(MCObjectStreamer.cpp.o);lib/libLLVMMC.a(MCStreamer.cpp.o);llvm::MCStreamer::emitELFSymverDirective(llvm::MCSymbol const*, llvm::StringRef, bool);Defined DefinedKind
lib/libLLVMMC.a(MCObjectStreamer.cpp.o);lib/libLLVMMC.a(MCStreamer.cpp.o);llvm::MCStreamer::emitELFSize(llvm::MCSymbol*, llvm::MCExpr const*);Defined DefinedKind
lib/libLLVMMC.a(MCObjectStreamer.cpp.o);lib/libLLVMMC.a(MCStreamer.cpp.o);llvm::MCStreamer::emitXCOFFRenameDirective(llvm::MCSymbol const*, llvm::StringRef);Defined DefinedKind
lib/libLLVMMC.a(MCObjectStreamer.cpp.o);lib/libLLVMMC.a(MCStreamer.cpp.o);llvm::MCStreamer::emitXCOFFSymbolLinkageWithVisibility(llvm::MCSymbol*, llvm::MCSymbolAttr, llvm::MCSymbolAttr);Defined DefinedKind
lib/libLLVMMC.a(MCObjectStreamer.cpp.o);lib/libLLVMMC.a(MCStreamer.cpp.o);llvm::MCStreamer::emitCFIBKeyFrame();Defined DefinedKind
lib/libLLVMMC.a(MCObjectStreamer.cpp.o);lib/libLLVMMC.a(MCStreamer.cpp.o);llvm::MCStreamer::EmitCOFFImgRel32(llvm::MCSymbol const*, long);Defined DefinedKind
lib/libLLVMMC.a(MCObjectStreamer.cpp.o);lib/libLLVMMC.a(MCStreamer.cpp.o);llvm::MCStreamer::EmitCOFFSecRel32(llvm::MCSymbol const*, unsigned long);Defined DefinedKind
lib/libLLVMMC.a(MCObjectStreamer.cpp.o);lib/libLLVMMC.a(MCStreamer.cpp.o);llvm::MCStreamer::EmitCOFFSectionIndex(llvm::MCSymbol const*);Defined DefinedKind
lib/libLLVMMC.a(MCObjectStreamer.cpp.o);lib/libLLVMMC.a(MCStreamer.cpp.o);llvm::MCStreamer::EmitCOFFSymbolIndex(llvm::MCSymbol const*);Defined DefinedKind
lib/libLLVMMC.a(MCObjectStreamer.cpp.o);lib/libLLVMMC.a(MCStreamer.cpp.o);llvm::MCStreamer::EmitCOFFSafeSEH(llvm::MCSymbol const*);Defined DefinedKind
lib/libLLVMMC.a(MCObjectStreamer.cpp.o);lib/libLLVMMC.a(MCStreamer.cpp.o);llvm::MCStreamer::EndCOFFSymbolDef();Defined DefinedKind
lib/libLLVMMC.a(MCObjectStreamer.cpp.o);lib/libLLVMMC.a(MCStreamer.cpp.o);llvm::MCStreamer::EmitCOFFSymbolType(int);Defined DefinedKind
lib/libLLVMMC.a(MCObjectStreamer.cpp.o);lib/libLLVMMC.a(MCStreamer.cpp.o);llvm::MCStreamer::EmitCOFFSymbolStorageClass(int);Defined DefinedKind
lib/libLLVMMC.a(MCObjectStreamer.cpp.o);lib/libLLVMMC.a(MCStreamer.cpp.o);llvm::MCStreamer::BeginCOFFSymbolDef(llvm::MCSymbol const*);Defined DefinedKind
lib/libLLVMMC.a(MCObjectStreamer.cpp.o);lib/libLLVMMC.a(MCStreamer.cpp.o);llvm::MCStreamer::emitSymbolDesc(llvm::MCSymbol*, unsigned int);Defined DefinedKind
lib/libLLVMMC.a(MCObjectStreamer.cpp.o);lib/libLLVMMC.a(MCStreamer.cpp.o);llvm::MCStreamer::emitThumbFunc(llvm::MCSymbol*);Defined DefinedKind
lib/libLLVMMC.a(MCObjectWriter.cpp.o);lib/libLLVMMC.a(MCExpr.cpp.o);llvm::MCExpr::findAssociatedFragment() const;Defined DefinedKind
lib/libLLVMMC.a(MCPseudoProbe.cpp.o);lib/libLLVMMC.a(MCExpr.cpp.o);llvm::MCSymbolRefExpr::create(llvm::MCSymbol const*, llvm::MCSymbolRefExpr::VariantKind, llvm::MCContext&, llvm::SMLoc);Defined DefinedKind
lib/libLLVMMC.a(MCPseudoProbe.cpp.o);lib/libLLVMMC.a(MCExpr.cpp.o);llvm::MCBinaryExpr::create(llvm::MCBinaryExpr::Opcode, llvm::MCExpr const*, llvm::MCExpr const*, llvm::MCContext&, llvm::SMLoc);Defined DefinedKind
lib/libLLVMMC.a(MCPseudoProbe.cpp.o);lib/libLLVMMC.a(MCExpr.cpp.o);llvm::MCExpr::evaluateAsAbsolute(long&, llvm::MCAssembler const*) const;Defined DefinedKind
lib/libLLVMMC.a(MCPseudoProbe.cpp.o);lib/libLLVMMC.a(MCFragment.cpp.o);llvm::MCFragment::MCFragment(llvm::MCFragment::FragmentType, bool, llvm::MCSection*);Defined DefinedKind
lib/libLLVMMC.a(MCRegisterInfo.cpp.o);lib/libLLVMSupport.a(ErrorHandling.cpp.o);llvm::report_fatal_error(char const*, bool);Defined DefinedKind
lib/libLLVMMC.a(MCRegisterInfo.cpp.o);lib/libLLVMSupport.a(ErrorHandling.cpp.o);llvm::report_fatal_error(llvm::Twine const&, bool);Defined DefinedKind
lib/libLLVMMC.a(MCSection.cpp.o);lib/libLLVMSupport.a(ErrorHandling.cpp.o);llvm::report_fatal_error(char const*, bool);Defined DefinedKind
lib/libLLVMMC.a(MCSection.cpp.o);lib/libLLVMMC.a(MCContext.cpp.o);llvm::MCContext::createTempSymbol(llvm::Twine const&, bool);Defined DefinedKind
lib/libLLVMMC.a(MCSection.cpp.o);lib/libLLVMMC.a(MCExpr.cpp.o);llvm::MCExpr::findAssociatedFragment() const;Defined DefinedKind
lib/libLLVMMC.a(MCSection.cpp.o);lib/libLLVMMC.a(MCFragment.cpp.o);llvm::MCFragment::MCFragment(llvm::MCFragment::FragmentType, bool, llvm::MCSection*);Defined DefinedKind
lib/libLLVMMC.a(MCSection.cpp.o);lib/libLLVMMC.a(MCFragment.cpp.o);llvm::ilist_alloc_traits<llvm::MCFragment>::deleteNode(llvm::MCFragment*);Defined DefinedKind
lib/libLLVMMC.a(MCSection.cpp.o);lib/libLLVMMC.a(MCSymbol.cpp.o);llvm::MCSymbol::AbsolutePseudoFragment;Defined DefinedKind
lib/libLLVMMC.a(MCSectionCOFF.cpp.o);lib/libLLVMSupport.a(raw_ostream.cpp.o);llvm::raw_ostream::write(unsigned char);Defined DefinedKind
lib/libLLVMMC.a(MCSectionCOFF.cpp.o);lib/libLLVMSupport.a(raw_ostream.cpp.o);llvm::raw_ostream::write(char const*, unsigned long);Defined DefinedKind
lib/libLLVMMC.a(MCSectionCOFF.cpp.o);lib/libLLVMMC.a(MCSymbol.cpp.o);llvm::MCSymbol::print(llvm::raw_ostream&, llvm::MCAsmInfo const*) const;Defined DefinedKind
lib/libLLVMMC.a(MCSectionELF.cpp.o);lib/libLLVMSupport.a(ErrorHandling.cpp.o);llvm::report_fatal_error(llvm::Twine const&, bool);Defined DefinedKind
lib/libLLVMMC.a(MCSectionELF.cpp.o);lib/libLLVMSupport.a(StringRef.cpp.o);llvm::StringRef::find_first_not_of(llvm::StringRef, unsigned long) const;Defined DefinedKind
lib/libLLVMMC.a(MCSectionELF.cpp.o);lib/libLLVMSupport.a(raw_ostream.cpp.o);llvm::raw_ostream::write(unsigned char);Defined DefinedKind
lib/libLLVMMC.a(MCSectionELF.cpp.o);lib/libLLVMSupport.a(raw_ostream.cpp.o);llvm::raw_ostream::write(char const*, unsigned long);Defined DefinedKind
lib/libLLVMMC.a(MCSectionELF.cpp.o);lib/libLLVMSupport.a(raw_ostream.cpp.o);llvm::raw_ostream::operator<<(unsigned long);Defined DefinedKind
lib/libLLVMMC.a(MCSectionELF.cpp.o);lib/libLLVMMC.a(MCExpr.cpp.o);llvm::MCExpr::print(llvm::raw_ostream&, llvm::MCAsmInfo const*, bool) const;Defined DefinedKind
lib/libLLVMMC.a(MCSectionMachO.cpp.o);lib/libLLVMSupport.a(Error.cpp.o);llvm::inconvertibleErrorCode();Defined DefinedKind
lib/libLLVMMC.a(MCSectionMachO.cpp.o);lib/libLLVMSupport.a(Error.cpp.o);llvm::createStringError(std::error_code, char const*);Defined DefinedKind
lib/libLLVMMC.a(MCSectionMachO.cpp.o);lib/libLLVMSupport.a(StringRef.cpp.o);llvm::StringRef::split(llvm::SmallVectorImpl<llvm::StringRef>&, char, int, bool) const;Defined DefinedKind
lib/libLLVMMC.a(MCSectionMachO.cpp.o);lib/libLLVMSupport.a(StringRef.cpp.o);llvm::StringRef::find_first_not_of(llvm::StringRef, unsigned long) const;Defined DefinedKind
lib/libLLVMMC.a(MCSectionMachO.cpp.o);lib/libLLVMSupport.a(StringRef.cpp.o);llvm::StringRef::find_last_not_of(llvm::StringRef, unsigned long) const;Defined DefinedKind
lib/libLLVMMC.a(MCSectionMachO.cpp.o);lib/libLLVMSupport.a(StringRef.cpp.o);llvm::getAsUnsignedInteger(llvm::StringRef, unsigned int, unsigned long long&);Defined DefinedKind
lib/libLLVMMC.a(MCSectionMachO.cpp.o);lib/libLLVMSupport.a(raw_ostream.cpp.o);llvm::raw_ostream::write(char const*, unsigned long);Defined DefinedKind
lib/libLLVMMC.a(MCSectionMachO.cpp.o);lib/libLLVMSupport.a(raw_ostream.cpp.o);llvm::raw_ostream::write(unsigned char);Defined DefinedKind
lib/libLLVMMC.a(MCSectionMachO.cpp.o);lib/libLLVMSupport.a(raw_ostream.cpp.o);llvm::raw_ostream::operator<<(unsigned long);Defined DefinedKind
lib/libLLVMMC.a(MCSectionMachO.cpp.o);lib/libLLVMMC.a(MCSection.cpp.o);llvm::MCSection::MCSection(llvm::MCSection::SectionVariant, llvm::StringRef, llvm::SectionKind, llvm::MCSymbol*);Defined DefinedKind
lib/libLLVMMC.a(MCSectionMachO.cpp.o);lib/libLLVMMC.a(MCSection.cpp.o);llvm::MCSection::getVirtualSectionKind() const;Defined DefinedKind
lib/libLLVMMC.a(MCSectionWasm.cpp.o);lib/libLLVMSupport.a(StringRef.cpp.o);llvm::StringRef::find_first_not_of(llvm::StringRef, unsigned long) const;Defined DefinedKind
lib/libLLVMMC.a(MCSectionWasm.cpp.o);lib/libLLVMSupport.a(raw_ostream.cpp.o);llvm::raw_ostream::write(unsigned char);Defined DefinedKind
lib/libLLVMMC.a(MCSectionWasm.cpp.o);lib/libLLVMSupport.a(raw_ostream.cpp.o);llvm::raw_ostream::write(char const*, unsigned long);Defined DefinedKind
lib/libLLVMMC.a(MCSectionWasm.cpp.o);lib/libLLVMSupport.a(raw_ostream.cpp.o);llvm::raw_ostream::operator<<(unsigned long);Defined DefinedKind
lib/libLLVMMC.a(MCSectionWasm.cpp.o);lib/libLLVMMC.a(MCExpr.cpp.o);llvm::MCExpr::print(llvm::raw_ostream&, llvm::MCAsmInfo const*, bool) const;Defined DefinedKind
lib/libLLVMMC.a(MCSectionWasm.cpp.o);lib/libLLVMMC.a(MCSection.cpp.o);llvm::MCSection::getVirtualSectionKind() const;Defined DefinedKind
lib/libLLVMMC.a(MCSectionXCOFF.cpp.o);lib/libLLVMSupport.a(ErrorHandling.cpp.o);llvm::report_fatal_error(char const*, bool);Defined DefinedKind
lib/libLLVMMC.a(MCSectionXCOFF.cpp.o);lib/libLLVMSupport.a(raw_ostream.cpp.o);llvm::raw_ostream::write(char const*, unsigned long);Defined DefinedKind
lib/libLLVMMC.a(MCSectionXCOFF.cpp.o);lib/libLLVMSupport.a(raw_ostream.cpp.o);llvm::raw_ostream::operator<<(unsigned long);Defined DefinedKind
lib/libLLVMMC.a(MCSectionXCOFF.cpp.o);lib/libLLVMSupport.a(raw_ostream.cpp.o);llvm::raw_ostream::write(unsigned char);Defined DefinedKind
lib/libLLVMMC.a(MCSectionXCOFF.cpp.o);lib/libLLVMSupport.a(raw_ostream.cpp.o);llvm::raw_ostream::operator<<(llvm::format_object_base const&);Defined DefinedKind
lib/libLLVMMC.a(MCSectionXCOFF.cpp.o);lib/libLLVMSupport.a(raw_ostream.cpp.o);llvm::format_object_base::home();Defined DefinedKind
lib/libLLVMMC.a(MCSectionXCOFF.cpp.o);lib/libLLVMMC.a(MCSection.cpp.o);llvm::MCSection::~MCSection();Defined DefinedKind
lib/libLLVMMC.a(MCSectionXCOFF.cpp.o);lib/libLLVMMC.a(MCSection.cpp.o);llvm::MCSection::getVirtualSectionKind() const;Defined DefinedKind
lib/libLLVMMC.a(MCStreamer.cpp.o);lib/libLLVMSupport.a(ErrorHandling.cpp.o);llvm::report_fatal_error(char const*, bool);Defined DefinedKind
lib/libLLVMMC.a(MCStreamer.cpp.o);lib/libLLVMSupport.a(MemAlloc.cpp.o);llvm::allocate_buffer(unsigned long, unsigned long);Defined DefinedKind
lib/libLLVMMC.a(MCStreamer.cpp.o);lib/libLLVMSupport.a(MemAlloc.cpp.o);llvm::deallocate_buffer(void*, unsigned long, unsigned long);Defined DefinedKind
lib/libLLVMMC.a(MCStreamer.cpp.o);lib/libLLVMSupport.a(StringRef.cpp.o);llvm::StringRef::find(llvm::StringRef, unsigned long) const;Defined DefinedKind
lib/libLLVMMC.a(MCStreamer.cpp.o);lib/libLLVMSupport.a(APInt.cpp.o);llvm::APInt::initSlowCase(llvm::APInt const&);Defined DefinedKind
lib/libLLVMMC.a(MCStreamer.cpp.o);lib/libLLVMSupport.a(APInt.cpp.o);llvm::APInt::countLeadingZerosSlowCase() const;Defined DefinedKind
lib/libLLVMMC.a(MCStreamer.cpp.o);lib/libLLVMSupport.a(APInt.cpp.o);llvm::APInt::byteSwap() const;Defined DefinedKind
lib/libLLVMMC.a(MCStreamer.cpp.o);lib/libLLVMSupport.a(APInt.cpp.o);llvm::StoreIntToMemory(llvm::APInt const&, unsigned char*, unsigned int);Defined DefinedKind
lib/libLLVMMC.a(MCStreamer.cpp.o);lib/libLLVMSupport.a(Triple.cpp.o);llvm::Triple::getOSVersion(unsigned int&, unsigned int&, unsigned int&) const;Defined DefinedKind
lib/libLLVMMC.a(MCStreamer.cpp.o);lib/libLLVMSupport.a(Twine.cpp.o);llvm::Twine::toVector(llvm::SmallVectorImpl<char>&) const;Defined DefinedKind
lib/libLLVMMC.a(MCStreamer.cpp.o);lib/libLLVMSupport.a(Twine.cpp.o);llvm::Twine::str[abi:cxx11]() const;Defined DefinedKind
lib/libLLVMMC.a(MCStreamer.cpp.o);lib/libLLVMSupport.a(raw_ostream.cpp.o);llvm::nulls();Defined DefinedKind
lib/libLLVMMC.a(MCStreamer.cpp.o);lib/libLLVMSupport.a(raw_ostream.cpp.o);llvm::raw_ostream::write(char const*, unsigned long);Defined DefinedKind
lib/libLLVMMC.a(MCStreamer.cpp.o);lib/libLLVMSupport.a(raw_ostream.cpp.o);llvm::raw_ostream::operator<<(unsigned long);Defined DefinedKind
lib/libLLVMMC.a(MCStreamer.cpp.o);lib/libLLVMSupport.a(raw_ostream.cpp.o);llvm::raw_ostream::~raw_ostream();Defined DefinedKind
lib/libLLVMMC.a(MCStreamer.cpp.o);lib/libLLVMSupport.a(raw_ostream.cpp.o);llvm::raw_ostream::write(unsigned char);Defined DefinedKind
lib/libLLVMMC.a(MCStreamer.cpp.o);lib/libLLVMSupport.a(raw_ostream.cpp.o);llvm::raw_ostream::SetBufferAndMode(char*, unsigned long, llvm::raw_ostream::BufferKind);Defined DefinedKind
lib/libLLVMMC.a(MCStreamer.cpp.o);lib/libLLVMMC.a(MCCodeView.cpp.o);llvm::CodeViewContext::addFile(llvm::MCStreamer&, unsigned int, llvm::StringRef, llvm::ArrayRef<unsigned char>, unsigned char);Defined DefinedKind
lib/libLLVMMC.a(MCStreamer.cpp.o);lib/libLLVMMC.a(MCCodeView.cpp.o);llvm::CodeViewContext::recordFunctionId(unsigned int);Defined DefinedKind
lib/libLLVMMC.a(MCStreamer.cpp.o);lib/libLLVMMC.a(MCCodeView.cpp.o);llvm::CodeViewContext::getCVFunctionInfo(unsigned int);Defined DefinedKind
lib/libLLVMMC.a(MCStreamer.cpp.o);lib/libLLVMMC.a(MCCodeView.cpp.o);llvm::CodeViewContext::recordInlinedCallSiteId(unsigned int, unsigned int, unsigned int, unsigned int, unsigned int);Defined DefinedKind
lib/libLLVMMC.a(MCStreamer.cpp.o);lib/libLLVMMC.a(MCContext.cpp.o);llvm::MCContext::getCVContext();Defined DefinedKind
lib/libLLVMMC.a(MCStreamer.cpp.o);lib/libLLVMMC.a(MCContext.cpp.o);llvm::MCContext::createTempSymbol(llvm::Twine const&, bool);Defined DefinedKind
lib/libLLVMMC.a(MCStreamer.cpp.o);lib/libLLVMMC.a(MCContext.cpp.o);llvm::MCContext::reportError(llvm::SMLoc, llvm::Twine const&);Defined DefinedKind
lib/libLLVMMC.a(MCStreamer.cpp.o);lib/libLLVMMC.a(MCContext.cpp.o);llvm::MCContext::getDwarfFile(llvm::StringRef, llvm::StringRef, unsigned int, llvm::Optional<llvm::MD5::MD5Result>, llvm::Optional<llvm::StringRef>, unsigned int);Defined DefinedKind
lib/libLLVMMC.a(MCStreamer.cpp.o);lib/libLLVMMC.a(MCContext.cpp.o);llvm::MCContext::getCOFFSection(llvm::StringRef, unsigned int, llvm::SectionKind, llvm::StringRef, int, unsigned int, char const*);Defined DefinedKind
lib/libLLVMMC.a(MCStreamer.cpp.o);lib/libLLVMMC.a(MCContext.cpp.o);llvm::MCContext::createTempSymbol();Defined DefinedKind
lib/libLLVMMC.a(MCStreamer.cpp.o);lib/libLLVMMC.a(MCContext.cpp.o);llvm::MCContext::getOrCreateSymbol(llvm::Twine const&);Defined DefinedKind
lib/libLLVMMC.a(MCStreamer.cpp.o);lib/libLLVMMC.a(MCExpr.cpp.o);llvm::MCConstantExpr::create(long, llvm::MCContext&, bool, unsigned int);Defined DefinedKind
lib/libLLVMMC.a(MCStreamer.cpp.o);lib/libLLVMMC.a(MCExpr.cpp.o);llvm::MCExpr::print(llvm::raw_ostream&, llvm::MCAsmInfo const*, bool) const;Defined DefinedKind
lib/libLLVMMC.a(MCStreamer.cpp.o);lib/libLLVMMC.a(MCExpr.cpp.o);llvm::MCExpr::findAssociatedFragment() const;Defined DefinedKind
lib/libLLVMMC.a(MCStreamer.cpp.o);lib/libLLVMMC.a(MCExpr.cpp.o);llvm::MCBinaryExpr::create(llvm::MCBinaryExpr::Opcode, llvm::MCExpr const*, llvm::MCExpr const*, llvm::MCContext&, llvm::SMLoc);Defined DefinedKind
lib/libLLVMMC.a(MCStreamer.cpp.o);lib/libLLVMMC.a(MCExpr.cpp.o);llvm::MCSymbolRefExpr::create(llvm::MCSymbol const*, llvm::MCSymbolRefExpr::VariantKind, llvm::MCContext&, llvm::SMLoc);Defined DefinedKind
lib/libLLVMMC.a(MCStreamer.cpp.o);lib/libLLVMMC.a(MCPseudoProbe.cpp.o);llvm::MCPseudoProbeInlineTree::addPseudoProbe(llvm::MCPseudoProbe const&, llvm::SmallVector<std::tuple<unsigned long, unsigned int>, 8u> const&);Defined DefinedKind
lib/libLLVMMC.a(MCStreamer.cpp.o);lib/libLLVMMC.a(MCPseudoProbe.cpp.o);llvm::MCPseudoProbeInlineTree::~MCPseudoProbeInlineTree();Defined DefinedKind
lib/libLLVMMC.a(MCStreamer.cpp.o);lib/libLLVMMC.a(MCRegisterInfo.cpp.o);llvm::MCRegisterInfo::getSEHRegNum(llvm::MCRegister) const;Defined DefinedKind
lib/libLLVMMC.a(MCStreamer.cpp.o);lib/libLLVMMC.a(MCSymbol.cpp.o);llvm::MCSymbol::AbsolutePseudoFragment;Defined DefinedKind
lib/libLLVMMC.a(MCStreamer.cpp.o);lib/libLLVMMC.a(MCSymbol.cpp.o);llvm::MCSymbol::setVariableValue(llvm::MCExpr const*);Defined DefinedKind
lib/libLLVMMC.a(MCSubtargetInfo.cpp.o);lib/libLLVMSupport.a(raw_ostream.cpp.o);llvm::errs();Defined DefinedKind
lib/libLLVMMC.a(MCSubtargetInfo.cpp.o);lib/libLLVMSupport.a(raw_ostream.cpp.o);llvm::raw_ostream::operator<<(llvm::format_object_base const&);Defined DefinedKind
lib/libLLVMMC.a(MCSubtargetInfo.cpp.o);lib/libLLVMSupport.a(raw_ostream.cpp.o);llvm::raw_ostream::write(char const*, unsigned long);Defined DefinedKind
lib/libLLVMMC.a(MCSubtargetInfo.cpp.o);lib/libLLVMSupport.a(raw_ostream.cpp.o);llvm::raw_ostream::write(unsigned char);Defined DefinedKind
lib/libLLVMMC.a(MCSubtargetInfo.cpp.o);lib/libLLVMSupport.a(raw_ostream.cpp.o);llvm::format_object_base::home();Defined DefinedKind
lib/libLLVMMC.a(MCSubtargetInfo.cpp.o);lib/libLLVMMC.a(SubtargetFeature.cpp.o);llvm::SubtargetFeatures::SubtargetFeatures(llvm::StringRef);Defined DefinedKind
lib/libLLVMMC.a(MCSymbol.cpp.o);lib/libLLVMSupport.a(ErrorHandling.cpp.o);llvm::report_fatal_error(char const*, bool);Defined DefinedKind
lib/libLLVMMC.a(MCSymbol.cpp.o);lib/libLLVMSupport.a(MemAlloc.cpp.o);llvm::allocate_buffer(unsigned long, unsigned long);Defined DefinedKind
lib/libLLVMMC.a(MCSymbol.cpp.o);lib/libLLVMSupport.a(raw_ostream.cpp.o);llvm::raw_ostream::write(char const*, unsigned long);Defined DefinedKind
lib/libLLVMMC.a(MCSymbol.cpp.o);lib/libLLVMSupport.a(raw_ostream.cpp.o);llvm::raw_ostream::write(unsigned char);Defined DefinedKind
lib/libLLVMMC.a(MCSymbol.cpp.o);lib/libLLVMMC.a(MCFragment.cpp.o);llvm::MCFragment::MCFragment(llvm::MCFragment::FragmentType, bool, llvm::MCSection*);Defined DefinedKind
lib/libLLVMMC.a(MCSymbolELF.cpp.o);lib/libLLVMMC.a(MCExpr.cpp.o);llvm::MCExpr::findAssociatedFragment() const;Defined DefinedKind
lib/libLLVMMC.a(StringTableBuilder.cpp.o);lib/libLLVMSupport.a(MemAlloc.cpp.o);llvm::deallocate_buffer(void*, unsigned long, unsigned long);Defined DefinedKind
lib/libLLVMMC.a(StringTableBuilder.cpp.o);lib/libLLVMSupport.a(MemAlloc.cpp.o);llvm::allocate_buffer(unsigned long, unsigned long);Defined DefinedKind
lib/libLLVMMC.a(StringTableBuilder.cpp.o);lib/libLLVMSupport.a(StringRef.cpp.o);llvm::hash_value(llvm::StringRef);Defined DefinedKind
lib/libLLVMMC.a(StringTableBuilder.cpp.o);lib/libLLVMSupport.a(raw_ostream.cpp.o);llvm::raw_ostream::write(char const*, unsigned long);Defined DefinedKind
lib/libLLVMMC.a(SubtargetFeature.cpp.o);lib/libLLVMSupport.a(StringRef.cpp.o);llvm::StringRef::lower[abi:cxx11]() const;Defined DefinedKind
lib/libLLVMMC.a(SubtargetFeature.cpp.o);lib/libLLVMSupport.a(StringRef.cpp.o);llvm::StringRef::split(llvm::SmallVectorImpl<llvm::StringRef>&, char, int, bool) const;Defined DefinedKind
lib/libLLVMMC.a(SubtargetFeature.cpp.o);lib/libLLVMSupport.a(raw_ostream.cpp.o);llvm::raw_ostream::write(char const*, unsigned long);Defined DefinedKind
lib/libLLVMTextAPI.a(Target.cpp.o);lib/libLLVMSupport.a(StringRef.cpp.o);llvm::StringRef::find(llvm::StringRef, unsigned long) const;Defined DefinedKind
lib/libLLVMTextAPI.a(Target.cpp.o);lib/libLLVMSupport.a(StringRef.cpp.o);llvm::getAsUnsignedInteger(llvm::StringRef, unsigned int, unsigned long long&);Defined DefinedKind
lib/libLLVMTextAPI.a(Target.cpp.o);lib/libLLVMSupport.a(Twine.cpp.o);llvm::Twine::str[abi:cxx11]() const;Defined DefinedKind
lib/libLLVMTextAPI.a(Target.cpp.o);lib/libLLVMSupport.a(raw_ostream.cpp.o);llvm::raw_ostream::write(char const*, unsigned long);Defined DefinedKind
lib/libLLVMTextAPI.a(Target.cpp.o);lib/libLLVMTextAPI.a(Architecture.cpp.o);llvm::MachO::getArchitectureFromName(llvm::StringRef);Defined DefinedKind
lib/libLLVMTextAPI.a(Target.cpp.o);lib/libLLVMTextAPI.a(Architecture.cpp.o);llvm::MachO::getArchitectureName(llvm::MachO::Architecture);Defined DefinedKind
lib/libLLVMTextAPI.a(Target.cpp.o);lib/libLLVMTextAPI.a(Platform.cpp.o);llvm::MachO::getPlatformName(llvm::MachO::PlatformKind);Defined DefinedKind
lib/libLLVMTextAPI.a(Architecture.cpp.o);lib/libLLVMSupport.a(raw_ostream.cpp.o);llvm::raw_ostream::write(char const*, unsigned long);Defined DefinedKind
lib/libLLVMTextAPI.a(TextStub.cpp.o);lib/libLLVMSupport.a(Error.cpp.o);llvm::StringError::StringError(llvm::Twine const&, std::error_code);Defined DefinedKind
lib/libLLVMTextAPI.a(TextStub.cpp.o);lib/libLLVMSupport.a(Error.cpp.o);llvm::ErrorInfoBase::ID;Defined DefinedKind
lib/libLLVMTextAPI.a(TextStub.cpp.o);lib/libLLVMSupport.a(Error.cpp.o);llvm::ErrorList::ID;Defined DefinedKind
lib/libLLVMTextAPI.a(TextStub.cpp.o);lib/libLLVMSupport.a(MemAlloc.cpp.o);llvm::deallocate_buffer(void*, unsigned long, unsigned long);Defined DefinedKind
lib/libLLVMTextAPI.a(TextStub.cpp.o);lib/libLLVMSupport.a(MemAlloc.cpp.o);llvm::allocate_buffer(unsigned long, unsigned long);Defined DefinedKind
lib/libLLVMTextAPI.a(TextStub.cpp.o);lib/libLLVMSupport.a(SourceMgr.cpp.o);llvm::SMDiagnostic::SMDiagnostic(llvm::SourceMgr const&, llvm::SMLoc, llvm::StringRef, int, int, llvm::SourceMgr::DiagKind, llvm::StringRef, llvm::StringRef, llvm::ArrayRef<std::pair<unsigned int, unsigned int> >, llvm::ArrayRef<llvm::SMFixIt>);Defined DefinedKind
lib/libLLVMTextAPI.a(TextStub.cpp.o);lib/libLLVMSupport.a(SourceMgr.cpp.o);llvm::SMDiagnostic::print(char const*, llvm::raw_ostream&, bool, bool) const;Defined DefinedKind
lib/libLLVMTextAPI.a(TextStub.cpp.o);lib/libLLVMSupport.a(StringRef.cpp.o);llvm::StringRef::find_first_not_of(llvm::StringRef, unsigned long) const;Defined DefinedKind
lib/libLLVMTextAPI.a(TextStub.cpp.o);lib/libLLVMSupport.a(StringRef.cpp.o);llvm::StringRef::find_first_of(llvm::StringRef, unsigned long) const;Defined DefinedKind
lib/libLLVMTextAPI.a(TextStub.cpp.o);lib/libLLVMSupport.a(Twine.cpp.o);llvm::Twine::str[abi:cxx11]() const;Defined DefinedKind
lib/libLLVMTextAPI.a(TextStub.cpp.o);lib/libLLVMSupport.a(raw_ostream.cpp.o);llvm::raw_ostream::write(char const*, unsigned long);Defined DefinedKind
lib/libLLVMTextAPI.a(TextStub.cpp.o);lib/libLLVMSupport.a(raw_ostream.cpp.o);llvm::raw_ostream::SetBufferAndMode(char*, unsigned long, llvm::raw_ostream::BufferKind);Defined DefinedKind
lib/libLLVMTextAPI.a(TextStub.cpp.o);lib/libLLVMSupport.a(raw_ostream.cpp.o);llvm::raw_string_ostream::~raw_string_ostream();Defined DefinedKind
lib/libLLVMTextAPI.a(TextStub.cpp.o);lib/libLLVMSupport.a(raw_ostream.cpp.o);llvm::raw_ostream::flush_nonempty();Defined DefinedKind
lib/libLLVMTextAPI.a(TextStub.cpp.o);lib/libLLVMSupport.a(raw_ostream.cpp.o);llvm::raw_ostream::~raw_ostream();Defined DefinedKind
lib/libLLVMTextAPI.a(TextStub.cpp.o);lib/libLLVMRemarks.a(YAMLRemarkSerializer.cpp.o);llvm::yaml::needsQuotes(llvm::StringRef)::Indicators;Defined DefinedKind
lib/libLLVMTextAPI.a(TextStub.cpp.o);lib/libLLVMSupport.a(YAMLTraits.cpp.o);llvm::yaml::IO::getContext() const;Defined DefinedKind
lib/libLLVMTextAPI.a(TextStub.cpp.o);lib/libLLVMSupport.a(YAMLTraits.cpp.o);llvm::yaml::Input::Input(llvm::StringRef, void*, void (*)(llvm::SMDiagnostic const&, void*), void*);Defined DefinedKind
lib/libLLVMTextAPI.a(TextStub.cpp.o);lib/libLLVMSupport.a(YAMLTraits.cpp.o);llvm::yaml::ScalarTraits<unsigned int, void>::output(unsigned int const&, void*, llvm::raw_ostream&);Defined DefinedKind
lib/libLLVMTextAPI.a(TextStub.cpp.o);lib/libLLVMSupport.a(YAMLTraits.cpp.o);llvm::yaml::ScalarTraits<unsigned int, void>::input(llvm::StringRef, void*, unsigned int&);Defined DefinedKind
lib/libLLVMTextAPI.a(TextStub.cpp.o);lib/libLLVMSupport.a(YAMLTraits.cpp.o);llvm::yaml::ScalarTraits<llvm::StringRef, void>::input(llvm::StringRef, void*, llvm::StringRef&);Defined DefinedKind
lib/libLLVMTextAPI.a(TextStub.cpp.o);lib/libLLVMSupport.a(YAMLTraits.cpp.o);llvm::yaml::ScalarTraits<llvm::StringRef, void>::output(llvm::StringRef const&, void*, llvm::raw_ostream&);Defined DefinedKind
lib/libLLVMTextAPI.a(TextStub.cpp.o);lib/libLLVMSupport.a(YAMLTraits.cpp.o);llvm::yaml::Input::beginMapping();Defined DefinedKind
lib/libLLVMTextAPI.a(TextStub.cpp.o);lib/libLLVMSupport.a(YAMLTraits.cpp.o);llvm::yaml::Input::outputting() const;Defined DefinedKind
lib/libLLVMTextAPI.a(TextStub.cpp.o);lib/libLLVMSupport.a(YAMLTraits.cpp.o);llvm::yaml::Input::mapTag(llvm::StringRef, bool);Defined DefinedKind
lib/libLLVMTextAPI.a(TextStub.cpp.o);lib/libLLVMSupport.a(YAMLTraits.cpp.o);llvm::yaml::Output::postflightDocument();Defined DefinedKind
lib/libLLVMTextAPI.a(TextStub.cpp.o);lib/libLLVMSupport.a(YAMLTraits.cpp.o);llvm::yaml::ScalarTraits<std::__cxx11::basic_string<char, std::char_traits<char>, std::allocator<char> >, void>::input(llvm::StringRef, void*, std::__cxx11::basic_string<char, std::char_traits<char>, std::allocator<char> >&);Defined DefinedKind
lib/libLLVMTextAPI.a(TextStub.cpp.o);lib/libLLVMSupport.a(YAMLTraits.cpp.o);llvm::yaml::Input::endMapping();Defined DefinedKind
lib/libLLVMTextAPI.a(TextStub.cpp.o);lib/libLLVMSupport.a(YAMLTraits.cpp.o);llvm::yaml::Input::error();Defined DefinedKind
lib/libLLVMTextAPI.a(TextStub.cpp.o);lib/libLLVMSupport.a(YAMLTraits.cpp.o);llvm::yaml::ScalarTraits<std::__cxx11::basic_string<char, std::char_traits<char>, std::allocator<char> >, void>::output(std::__cxx11::basic_string<char, std::char_traits<char>, std::allocator<char> > const&, void*, llvm::raw_ostream&);Defined DefinedKind
lib/libLLVMTextAPI.a(TextStub.cpp.o);lib/libLLVMSupport.a(YAMLTraits.cpp.o);llvm::yaml::Input::nextDocument();Defined DefinedKind
lib/libLLVMTextAPI.a(TextStub.cpp.o);lib/libLLVMSupport.a(YAMLTraits.cpp.o);llvm::yaml::Input::setCurrentDocument();Defined DefinedKind
lib/libLLVMTextAPI.a(TextStub.cpp.o);lib/libLLVMSupport.a(YAMLTraits.cpp.o);llvm::yaml::Input::~Input();Defined DefinedKind
lib/libLLVMTextAPI.a(TextStub.cpp.o);lib/libLLVMSupport.a(YAMLTraits.cpp.o);llvm::yaml::Input::setError(llvm::Twine const&);Defined DefinedKind
lib/libLLVMTextAPI.a(TextStub.cpp.o);lib/libLLVMTextAPI.a(Target.cpp.o);llvm::MachO::mapToPlatformSet(llvm::ArrayRef<llvm::MachO::Target>);Defined DefinedKind
lib/libLLVMTextAPI.a(TextStub.cpp.o);lib/libLLVMTextAPI.a(Target.cpp.o);llvm::MachO::mapToArchitectureSet(llvm::ArrayRef<llvm::MachO::Target>);Defined DefinedKind
lib/libLLVMTextAPI.a(TextStub.cpp.o);lib/libLLVMTextAPI.a(Target.cpp.o);llvm::MachO::Target::create(llvm::StringRef);Defined DefinedKind
lib/libLLVMTextAPI.a(TextStub.cpp.o);lib/libLLVMTextAPI.a(Architecture.cpp.o);llvm::MachO::operator<<(llvm::raw_ostream&, llvm::MachO::Architecture);Defined DefinedKind
lib/libLLVMTextAPI.a(TextStub.cpp.o);lib/libLLVMTextAPI.a(Platform.cpp.o);llvm::MachO::mapToPlatformKind(llvm::MachO::PlatformKind, bool);Defined DefinedKind
lib/libLLVMTextAPI.a(TextStub.cpp.o);lib/libLLVMTextAPI.a(InterfaceFile.cpp.o);llvm::MachO::InterfaceFile::addSymbol(llvm::MachO::SymbolKind, llvm::StringRef, llvm::SmallVector<llvm::MachO::Target, 5u> const&, llvm::MachO::SymbolFlags);Defined DefinedKind
lib/libLLVMTextAPI.a(TextStub.cpp.o);lib/libLLVMTextAPI.a(InterfaceFile.cpp.o);llvm::MachO::InterfaceFile::addReexportedLibrary(llvm::StringRef, llvm::MachO::Target const&);Defined DefinedKind
lib/libLLVMTextAPI.a(TextStub.cpp.o);lib/libLLVMTextAPI.a(InterfaceFile.cpp.o);llvm::MachO::InterfaceFile::addDocument(std::shared_ptr<llvm::MachO::InterfaceFile>&&);Defined DefinedKind
lib/libLLVMTextAPI.a(TextStub.cpp.o);lib/libLLVMTextAPI.a(InterfaceFile.cpp.o);llvm::MachO::InterfaceFile::addAllowableClient(llvm::StringRef, llvm::MachO::Target const&);Defined DefinedKind
lib/libLLVMTextAPI.a(TextStub.cpp.o);lib/libLLVMTextAPI.a(InterfaceFile.cpp.o);llvm::MachO::InterfaceFile::addParentUmbrella(llvm::MachO::Target const&, llvm::StringRef);Defined DefinedKind
lib/libLLVMTextAPI.a(TextStub.cpp.o);lib/libLLVMTextAPI.a(InterfaceFile.cpp.o);llvm::MachO::InterfaceFile::addTarget(llvm::MachO::Target const&);Defined DefinedKind
lib/libLLVMTextAPI.a(TextStub.cpp.o);lib/libLLVMTextAPI.a(InterfaceFile.cpp.o);llvm::MachO::InterfaceFile::addUUID(llvm::MachO::Target const&, llvm::StringRef);Defined DefinedKind
lib/libLLVMTextAPI.a(TextStub.cpp.o);lib/libLLVMTextAPI.a(ArchitectureSet.cpp.o);llvm::MachO::ArchitectureSet::ArchitectureSet(std::vector<llvm::MachO::Architecture, std::allocator<llvm::MachO::Architecture> > const&);Defined DefinedKind
lib/libLLVMTextAPI.a(TextStub.cpp.o);lib/libLLVMTextAPI.a(ArchitectureSet.cpp.o);_ZNK4llvm5MachO15ArchitectureSetcvSt6vectorINS0_12ArchitectureESaIS3_EEEv;Defined DefinedKind
lib/libLLVMTextAPI.a(TextStub.cpp.o);lib/libLLVMTextAPI.a(TextStubCommon.cpp.o);llvm::yaml::ScalarEnumerationTraits<llvm::MachO::ObjCConstraintType, void>::enumeration(llvm::yaml::IO&, llvm::MachO::ObjCConstraintType&);Defined DefinedKind
lib/libLLVMTextAPI.a(TextStub.cpp.o);lib/libLLVMTextAPI.a(TextStubCommon.cpp.o);llvm::yaml::ScalarTraits<llvm::SmallSet<llvm::MachO::PlatformKind, 3u, std::less<llvm::MachO::PlatformKind> >, void>::output(llvm::SmallSet<llvm::MachO::PlatformKind, 3u, std::less<llvm::MachO::PlatformKind> > const&, void*, llvm::raw_ostream&);Defined DefinedKind
lib/libLLVMTextAPI.a(TextStub.cpp.o);lib/libLLVMTextAPI.a(TextStubCommon.cpp.o);llvm::yaml::ScalarTraits<llvm::SmallSet<llvm::MachO::PlatformKind, 3u, std::less<llvm::MachO::PlatformKind> >, void>::mustQuote(llvm::StringRef);Defined DefinedKind
lib/libLLVMTextAPI.a(TextStub.cpp.o);lib/libLLVMTextAPI.a(TextStubCommon.cpp.o);llvm::yaml::ScalarTraits<llvm::SmallSet<llvm::MachO::PlatformKind, 3u, std::less<llvm::MachO::PlatformKind> >, void>::input(llvm::StringRef, void*, llvm::SmallSet<llvm::MachO::PlatformKind, 3u, std::less<llvm::MachO::PlatformKind> >&);Defined DefinedKind
lib/libLLVMTextAPI.a(TextStub.cpp.o);lib/libLLVMTextAPI.a(TextStubCommon.cpp.o);llvm::yaml::ScalarTraits<llvm::MachO::Architecture, void>::output(llvm::MachO::Architecture const&, void*, llvm::raw_ostream&);Defined DefinedKind
lib/libLLVMTextAPI.a(TextStub.cpp.o);lib/libLLVMTextAPI.a(TextStubCommon.cpp.o);llvm::yaml::ScalarTraits<llvm::MachO::Architecture, void>::mustQuote(llvm::StringRef);Defined DefinedKind
lib/libLLVMTextAPI.a(TextStub.cpp.o);lib/libLLVMTextAPI.a(TextStubCommon.cpp.o);llvm::yaml::ScalarTraits<FlowStringRef, void>::mustQuote(llvm::StringRef);Defined DefinedKind
lib/libLLVMTextAPI.a(TextStub.cpp.o);lib/libLLVMTextAPI.a(TextStubCommon.cpp.o);llvm::yaml::ScalarTraits<llvm::MachO::Architecture, void>::input(llvm::StringRef, void*, llvm::MachO::Architecture&);Defined DefinedKind
lib/libLLVMTextAPI.a(TextStub.cpp.o);lib/libLLVMTextAPI.a(TextStubCommon.cpp.o);llvm::yaml::ScalarTraits<FlowStringRef, void>::output(FlowStringRef const&, void*, llvm::raw_ostream&);Defined DefinedKind
lib/libLLVMTextAPI.a(TextStub.cpp.o);lib/libLLVMTextAPI.a(TextStubCommon.cpp.o);llvm::yaml::ScalarTraits<std::pair<llvm::MachO::Target, std::__cxx11::basic_string<char, std::char_traits<char>, std::allocator<char> > >, void>::input(llvm::StringRef, void*, std::pair<llvm::MachO::Target, std::__cxx11::basic_string<char, std::char_traits<char>, std::allocator<char> > >&);Defined DefinedKind
lib/libLLVMTextAPI.a(TextStub.cpp.o);lib/libLLVMTextAPI.a(TextStubCommon.cpp.o);llvm::yaml::ScalarTraits<std::pair<llvm::MachO::Target, std::__cxx11::basic_string<char, std::char_traits<char>, std::allocator<char> > >, void>::mustQuote(llvm::StringRef);Defined DefinedKind
lib/libLLVMTextAPI.a(TextStub.cpp.o);lib/libLLVMTextAPI.a(TextStubCommon.cpp.o);llvm::yaml::ScalarTraits<std::pair<llvm::MachO::Target, std::__cxx11::basic_string<char, std::char_traits<char>, std::allocator<char> > >, void>::output(std::pair<llvm::MachO::Target, std::__cxx11::basic_string<char, std::char_traits<char>, std::allocator<char> > > const&, void*, llvm::raw_ostream&);Defined DefinedKind
lib/libLLVMTextAPI.a(TextStub.cpp.o);lib/libLLVMTextAPI.a(TextStubCommon.cpp.o);llvm::yaml::ScalarTraits<SwiftVersion, void>::input(llvm::StringRef, void*, SwiftVersion&);Defined DefinedKind
lib/libLLVMTextAPI.a(TextStub.cpp.o);lib/libLLVMTextAPI.a(TextStubCommon.cpp.o);llvm::yaml::ScalarTraits<SwiftVersion, void>::mustQuote(llvm::StringRef);Defined DefinedKind
lib/libLLVMTextAPI.a(TextStub.cpp.o);lib/libLLVMTextAPI.a(TextStubCommon.cpp.o);llvm::yaml::ScalarTraits<SwiftVersion, void>::output(SwiftVersion const&, void*, llvm::raw_ostream&);Defined DefinedKind
lib/libLLVMTextAPI.a(TextStub.cpp.o);lib/libLLVMTextAPI.a(TextStubCommon.cpp.o);llvm::yaml::ScalarTraits<llvm::MachO::PackedVersion, void>::input(llvm::StringRef, void*, llvm::MachO::PackedVersion&);Defined DefinedKind
lib/libLLVMTextAPI.a(TextStub.cpp.o);lib/libLLVMTextAPI.a(TextStubCommon.cpp.o);llvm::yaml::ScalarTraits<llvm::MachO::PackedVersion, void>::mustQuote(llvm::StringRef);Defined DefinedKind
lib/libLLVMTextAPI.a(TextStub.cpp.o);lib/libLLVMTextAPI.a(TextStubCommon.cpp.o);llvm::yaml::ScalarTraits<llvm::MachO::PackedVersion, void>::output(llvm::MachO::PackedVersion const&, void*, llvm::raw_ostream&);Defined DefinedKind
lib/libLLVMTextAPI.a(TextStub.cpp.o);lib/libLLVMTextAPI.a(TextStubCommon.cpp.o);llvm::yaml::ScalarTraits<FlowStringRef, void>::input(llvm::StringRef, void*, FlowStringRef&);Defined DefinedKind
lib/libLLVMTextAPI.a(InterfaceFile.cpp.o);lib/libLLVMSupport.a(MemAlloc.cpp.o);llvm::allocate_buffer(unsigned long, unsigned long);Defined DefinedKind
lib/libLLVMTextAPI.a(InterfaceFile.cpp.o);lib/libLLVMSupport.a(MemAlloc.cpp.o);llvm::deallocate_buffer(void*, unsigned long, unsigned long);Defined DefinedKind
lib/libLLVMTextAPI.a(InterfaceFile.cpp.o);lib/libLLVMSupport.a(StringRef.cpp.o);guard variable for llvm::hashing::detail::get_execution_seed()::seed;Defined DefinedKind
lib/libLLVMTextAPI.a(InterfaceFile.cpp.o);lib/libLLVMSupport.a(StringRef.cpp.o);llvm::hashing::detail::get_execution_seed()::seed;Defined DefinedKind
lib/libLLVMTextAPI.a(InterfaceFile.cpp.o);lib/libLLVMSupport.a(StringRef.cpp.o);llvm::hash_value(llvm::StringRef);Defined DefinedKind
lib/libLLVMTextAPI.a(InterfaceFile.cpp.o);lib/libLLVMSupport.a(Hashing.cpp.o);llvm::hashing::detail::fixed_seed_override;Defined DefinedKind
lib/libLLVMTextAPI.a(ArchitectureSet.cpp.o);lib/libLLVMSupport.a(raw_ostream.cpp.o);llvm::raw_ostream::write(char const*, unsigned long);Defined DefinedKind
lib/libLLVMTextAPI.a(ArchitectureSet.cpp.o);lib/libLLVMTextAPI.a(Architecture.cpp.o);llvm::MachO::getArchitectureName(llvm::MachO::Architecture);Defined DefinedKind
lib/libLLVMTextAPI.a(TextStubCommon.cpp.o);lib/libLLVMSupport.a(StringRef.cpp.o);llvm::StringRef::find_first_not_of(llvm::StringRef, unsigned long) const;Defined DefinedKind
lib/libLLVMTextAPI.a(TextStubCommon.cpp.o);lib/libLLVMSupport.a(StringRef.cpp.o);llvm::StringRef::find_first_of(llvm::StringRef, unsigned long) const;Defined DefinedKind
lib/libLLVMTextAPI.a(TextStubCommon.cpp.o);lib/libLLVMSupport.a(StringRef.cpp.o);llvm::getAsUnsignedInteger(llvm::StringRef, unsigned int, unsigned long long&);Defined DefinedKind
lib/libLLVMTextAPI.a(TextStubCommon.cpp.o);lib/libLLVMSupport.a(StringRef.cpp.o);llvm::StringRef::find(llvm::StringRef, unsigned long) const;Defined DefinedKind
lib/libLLVMTextAPI.a(TextStubCommon.cpp.o);lib/libLLVMSupport.a(StringRef.cpp.o);llvm::StringRef::find_last_not_of(llvm::StringRef, unsigned long) const;Defined DefinedKind
lib/libLLVMTextAPI.a(TextStubCommon.cpp.o);lib/libLLVMSupport.a(raw_ostream.cpp.o);llvm::raw_ostream::write(char const*, unsigned long);Defined DefinedKind
lib/libLLVMTextAPI.a(TextStubCommon.cpp.o);lib/libLLVMSupport.a(raw_ostream.cpp.o);llvm::raw_ostream::operator<<(unsigned long);Defined DefinedKind
lib/libLLVMTextAPI.a(TextStubCommon.cpp.o);lib/libLLVMRemarks.a(YAMLRemarkSerializer.cpp.o);llvm::yaml::needsQuotes(llvm::StringRef)::Indicators;Defined DefinedKind
lib/libLLVMTextAPI.a(TextStubCommon.cpp.o);lib/libLLVMSupport.a(YAMLTraits.cpp.o);llvm::yaml::ScalarTraits<llvm::StringRef, void>::output(llvm::StringRef const&, void*, llvm::raw_ostream&);Defined DefinedKind
lib/libLLVMTextAPI.a(TextStubCommon.cpp.o);lib/libLLVMSupport.a(YAMLTraits.cpp.o);llvm::yaml::ScalarTraits<llvm::StringRef, void>::input(llvm::StringRef, void*, llvm::StringRef&);Defined DefinedKind
lib/libLLVMTextAPI.a(TextStubCommon.cpp.o);lib/libLLVMTextAPI.a(Target.cpp.o);llvm::MachO::operator<<(llvm::raw_ostream&, llvm::MachO::Target const&);Defined DefinedKind
lib/libLLVMTextAPI.a(TextStubCommon.cpp.o);lib/libLLVMTextAPI.a(Architecture.cpp.o);llvm::MachO::operator<<(llvm::raw_ostream&, llvm::MachO::Architecture);Defined DefinedKind
lib/libLLVMTextAPI.a(TextStubCommon.cpp.o);lib/libLLVMTextAPI.a(Architecture.cpp.o);llvm::MachO::getArchitectureFromName(llvm::StringRef);Defined DefinedKind
lib/libLLVMTextAPI.a(TextStubCommon.cpp.o);lib/libLLVMTextAPI.a(PackedVersion.cpp.o);llvm::MachO::PackedVersion::print(llvm::raw_ostream&) const;Defined DefinedKind
lib/libLLVMTextAPI.a(TextStubCommon.cpp.o);lib/libLLVMTextAPI.a(PackedVersion.cpp.o);llvm::MachO::PackedVersion::parse32(llvm::StringRef);Defined DefinedKind
lib/libLLVMTextAPI.a(PackedVersion.cpp.o);lib/libLLVMSupport.a(StringRef.cpp.o);llvm::getAsUnsignedInteger(llvm::StringRef, unsigned int, unsigned long long&);Defined DefinedKind
lib/libLLVMTextAPI.a(PackedVersion.cpp.o);lib/libLLVMSupport.a(raw_ostream.cpp.o);llvm::raw_ostream::operator<<(llvm::format_object_base const&);Defined DefinedKind
lib/libLLVMTextAPI.a(PackedVersion.cpp.o);lib/libLLVMSupport.a(raw_ostream.cpp.o);llvm::format_object_base::home();Defined DefinedKind
lib/libLLVMTextAPI.a(PackedVersion.cpp.o);lib/libLLVMSupport.a(StringExtras.cpp.o);llvm::SplitString(llvm::StringRef, llvm::SmallVectorImpl<llvm::StringRef>&, llvm::StringRef);Defined DefinedKind
lib/libLLVMBinaryFormat.a(Magic.cpp.o);lib/libLLVMSupport.a(MemoryBuffer.cpp.o);llvm::MemoryBuffer::getFile(llvm::Twine const&, bool, bool, bool);Defined DefinedKind
lib/libLLVMBinaryFormat.a(XCOFF.cpp.o);lib/libLLVMSupport.a(Error.cpp.o);llvm::createStringError(std::error_code, char const*);Defined DefinedKind
